Calibration:

Collected:
    D:
    [ 0.07636514 -0.1292355  -0.00093855  0.00284562  0.        ]
    K:
    [917.5701927    0.         662.45090881   0.         913.11787224
    352.30931891   0.           0.           1.        ]
    R:
    [1. 0. 0. 0. 1. 0. 0. 0. 1.]
    P:
    [922.68133545   0.         667.46180917   0.           0.
    927.40781657 351.67043632   0.           0.           0.
    1.           0.        ]

Factory:
    D: [0.15564486384391785, -0.48568257689476013, -0.0019681642297655344, 0.0007267732871696353, 0.44230175018310547]
    K: [918.3599853515625, 0.0, 661.1923217773438, 0.0, 919.1538696289062, 356.59722900390625, 0.0, 0.0, 1.0]
    R: [1.0, 0.0, 0.0, 0.0, 1.0, 0.0, 0.0, 0.0, 1.0]
    P: [918.3599853515625, 0.0, 661.1923217773438, 0.0, 0.0, 919.1538696289062, 356.59722900390625, 0.0, 0.0, 0.0, 1.0, 0.0]


Arm Gains:

Factory:
waist gains: [640, 0, 3600]
shoulder gains: [800, 0, 0]
elbow gains: [800, 0, 0]
wrist_angle gains: [800, 0, 0]
wrist_rotate gains: [640, 0, 3600]
gripper gains: [640, 0, 3600]


