-0.070701,-0.005636,0.997482,0.233286
-0.029540,0.999557,0.003554,0.097470
-0.997060,-0.029214,-0.070836,0.133148
0.000000,0.000000,0.000000,1.000000
-0.070701,-0.005636,0.997482,0.233286
-0.029540,0.999557,0.003554,0.097470
-0.997060,-0.029214,-0.070836,0.133148
0.000000,0.000000,0.000000,1.000000
-0.072112,-0.005678,0.997380,0.233313
-0.030129,0.999540,0.003512,0.097481
-0.996941,-0.029797,-0.072250,0.132454
0.000000,0.000000,0.000000,1.000000
-0.072112,-0.005678,0.997380,0.233313
-0.030129,0.999540,0.003512,0.097481
-0.996941,-0.029797,-0.072250,0.132454
0.000000,0.000000,0.000000,1.000000
-0.070701,-0.005636,0.997482,0.233550
-0.029540,0.999557,0.003554,0.097580
-0.997060,-0.029214,-0.070836,0.132741
0.000000,0.000000,0.000000,1.000000
-0.069378,-0.004059,0.997582,0.233808
-0.028737,0.999585,0.002068,0.096846
-0.997176,-0.028524,-0.069466,0.133129
0.000000,0.000000,0.000000,1.000000
-0.069553,-0.004046,0.997570,0.234398
-0.028311,0.999597,0.002081,0.095410
-0.997176,-0.028098,-0.069640,0.133129
0.000000,0.000000,0.000000,1.000000
-0.069895,0.000569,0.997554,0.235817
-0.027455,0.999620,-0.002494,0.092631
-0.997176,-0.027563,-0.069853,0.132723
0.000000,0.000000,0.000000,1.000000
-0.068955,0.009827,0.997571,0.237428
-0.025631,0.999604,-0.011619,0.088255
-0.997290,-0.026370,-0.068676,0.132805
0.000000,0.000000,0.000000,1.000000
-0.062328,0.022294,0.997807,0.240399
-0.021442,0.999490,-0.023671,0.082703
-0.997825,-0.022871,-0.061818,0.133126
0.000000,0.000000,0.000000,1.000000
-0.049817,0.044033,0.997787,0.243650
-0.015362,0.998876,-0.044848,0.075137
-0.998640,-0.017563,-0.049084,0.135022
0.000000,0.000000,0.000000,1.000000
-0.034068,0.064190,0.997356,0.247151
-0.009147,0.997873,-0.064535,0.066359
-0.999378,-0.011321,-0.033408,0.137626
0.000000,0.000000,0.000000,1.000000
-0.016469,0.088811,0.995912,0.250303
-0.003672,0.996035,-0.088883,0.055804
-0.999858,-0.005120,-0.016077,0.140438
0.000000,0.000000,0.000000,1.000000
0.003022,0.116317,0.993208,0.253947
0.000529,0.993212,-0.116319,0.044465
-0.999995,0.000877,0.002940,0.142793
0.000000,0.000000,0.000000,1.000000
0.022826,0.145142,0.989147,0.256495
0.002886,0.989392,-0.145245,0.032435
-0.999735,0.006170,0.022165,0.145977
0.000000,0.000000,0.000000,1.000000
0.042807,0.170734,0.984387,0.258443
0.003356,0.985260,-0.171032,0.020260
-0.999078,0.010625,0.041603,0.148580
0.000000,0.000000,0.000000,1.000000
0.058233,0.200715,0.977917,0.259382
0.001698,0.979558,-0.201153,0.007562
-0.998302,0.013374,0.056702,0.150789
0.000000,0.000000,0.000000,1.000000
0.073554,0.224519,0.971690,0.259701
-0.001241,0.974349,-0.225039,-0.004383
-0.997290,0.015346,0.071946,0.152705
0.000000,0.000000,0.000000,1.000000
0.088678,0.249667,0.964263,0.259135
-0.005585,0.968186,-0.250169,-0.016319
-0.996045,0.016799,0.087251,0.155011
0.000000,0.000000,0.000000,1.000000
0.105056,0.271678,0.956637,0.258632
-0.011161,0.962222,-0.272039,-0.027478
-0.994404,0.017902,0.104119,0.157283
0.000000,0.000000,0.000000,1.000000
0.121086,0.293560,0.948241,0.257702
-0.017961,0.955761,-0.293595,-0.038226
-0.992480,0.018518,0.121002,0.159270
0.000000,0.000000,0.000000,1.000000
0.138121,0.315309,0.938884,0.256109
-0.026594,0.948809,-0.314730,-0.049312
-0.990058,0.018502,0.139436,0.162291
0.000000,0.000000,0.000000,1.000000
0.150082,0.339900,0.928409,0.253575
-0.035886,0.940299,-0.338452,-0.060631
-0.988022,0.017479,0.153320,0.164244
0.000000,0.000000,0.000000,1.000000
0.164414,0.364247,0.916674,0.251075
-0.046860,0.931156,-0.361596,-0.071560
-0.985278,0.016496,0.170164,0.166592
0.000000,0.000000,0.000000,1.000000
0.173977,0.385627,0.906104,0.248097
-0.056883,0.922535,-0.381698,-0.081117
-0.983105,0.014865,0.182435,0.168469
0.000000,0.000000,0.000000,1.000000
0.181967,0.404015,0.896471,0.245705
-0.066055,0.914655,-0.398802,-0.089192
-0.981083,0.013352,0.193124,0.169597
0.000000,0.000000,0.000000,1.000000
0.187294,0.418079,0.888893,0.243339
-0.073239,0.908331,-0.411790,-0.095155
-0.979570,0.012024,0.200745,0.170638
0.000000,0.000000,0.000000,1.000000
0.202294,0.426489,0.881581,0.241405
-0.084157,0.904433,-0.418233,-0.100427
-0.975702,0.010415,0.218854,0.173439
0.000000,0.000000,0.000000,1.000000
0.204662,0.430617,0.879024,0.241062
-0.086249,0.902473,-0.422023,-0.101588
-0.975025,0.010557,0.221843,0.173893
0.000000,0.000000,0.000000,1.000000
0.204662,0.430617,0.879024,0.241062
-0.086249,0.902473,-0.422023,-0.101588
-0.975025,0.010557,0.221843,0.173893
0.000000,0.000000,0.000000,1.000000
0.204662,0.430617,0.879024,0.241034
-0.086249,0.902473,-0.422023,-0.101577
-0.975025,0.010557,0.221843,0.174199
0.000000,0.000000,0.000000,1.000000
0.205907,0.427940,0.880039,0.241124
-0.087146,0.903756,-0.419083,-0.102050
-0.974684,0.009601,0.223383,0.173948
0.000000,0.000000,0.000000,1.000000
0.203020,0.419879,0.884582,0.240638
-0.086291,0.907552,-0.410978,-0.102280
-0.975365,0.007105,0.220483,0.172618
0.000000,0.000000,0.000000,1.000000
0.201643,0.403530,0.892471,0.240613
-0.085706,0.914962,-0.394335,-0.102270
-0.975702,0.003025,0.219080,0.170119
0.000000,0.000000,0.000000,1.000000
0.197637,0.378691,0.904175,0.240947
-0.083646,0.925519,-0.369347,-0.101976
-0.976700,-0.002634,0.214593,0.165898
0.000000,0.000000,0.000000,1.000000
0.189350,0.345067,0.919280,0.241614
-0.080138,0.938524,-0.335784,-0.102258
-0.978634,-0.010089,0.205363,0.159195
0.000000,0.000000,0.000000,1.000000
0.171341,0.307819,0.935890,0.241693
-0.072516,0.951301,-0.299611,-0.102291
-0.982539,-0.016532,0.185319,0.149198
0.000000,0.000000,0.000000,1.000000
0.151871,0.263972,0.952499,0.241439
-0.064276,0.964275,-0.256987,-0.102184
-0.986308,-0.022194,0.163413,0.138819
0.000000,0.000000,0.000000,1.000000
0.136524,0.222399,0.965350,0.241213
-0.057781,0.974603,-0.216359,-0.102088
-0.988950,-0.026240,0.145907,0.129258
0.000000,0.000000,0.000000,1.000000
0.118336,0.178688,0.976764,0.240634
-0.050083,0.983497,-0.173853,-0.101843
-0.991710,-0.028346,0.125332,0.118627
0.000000,0.000000,0.000000,1.000000
0.104313,0.136135,0.985183,0.239889
-0.044148,0.990245,-0.132160,-0.101528
-0.993564,-0.029708,0.109306,0.109185
0.000000,0.000000,0.000000,1.000000
0.090266,0.094776,0.991398,0.238928
-0.038203,0.995058,-0.091647,-0.101121
-0.995185,-0.029602,0.093440,0.100401
0.000000,0.000000,0.000000,1.000000
0.067747,0.023927,0.997416,0.236317
-0.028672,0.999346,-0.022026,-0.100016
-0.997290,-0.027106,0.068389,0.084904
0.000000,0.000000,0.000000,1.000000
0.063520,0.014632,0.997873,0.235793
-0.026883,0.999555,-0.012946,-0.099794
-0.997618,-0.026004,0.063885,0.082265
0.000000,0.000000,0.000000,1.000000
0.063520,0.014632,0.997873,0.235793
-0.026883,0.999555,-0.012946,-0.099794
-0.997618,-0.026004,0.063885,0.082265
0.000000,0.000000,0.000000,1.000000
0.063520,0.014632,0.997873,0.235704
-0.026883,0.999555,-0.012946,-0.099757
-0.997618,-0.026004,0.063885,0.081973
0.000000,0.000000,0.000000,1.000000
0.064929,0.014669,0.997782,0.236219
-0.027480,0.999539,-0.012907,-0.099975
-0.997511,-0.026581,0.065302,0.080947
0.000000,0.000000,0.000000,1.000000
-0.019789,0.010818,0.999746,0.227294
0.008339,0.999908,-0.010655,-0.095786
-0.999769,0.008126,-0.019877,0.042011
0.000000,0.000000,0.000000,1.000000
-0.019789,0.010818,0.999746,0.227294
0.008339,0.999908,-0.010655,-0.095786
-0.999769,0.008126,-0.019877,0.042011
0.000000,0.000000,0.000000,1.000000
-0.019789,0.010818,0.999746,0.227294
0.008339,0.999908,-0.010655,-0.095786
-0.999769,0.008126,-0.019877,0.042011
0.000000,0.000000,0.000000,1.000000
-0.021202,0.010830,0.999717,0.226934
0.008935,0.999903,-0.010643,-0.095635
-0.999735,0.008707,-0.021297,0.042400
0.000000,0.000000,0.000000,1.000000
-0.028267,0.018568,0.999428,0.226220
0.011912,0.999763,-0.018237,-0.095334
-0.999529,0.011390,-0.028482,0.042587
0.000000,0.000000,0.000000,1.000000
-0.036744,0.035535,0.998693,0.225680
0.015484,0.999268,-0.034986,-0.095106
-0.999205,0.014179,-0.037267,0.044260
0.000000,0.000000,0.000000,1.000000
-0.038156,0.058522,0.997557,0.227279
0.016080,0.998190,-0.057944,-0.095780
-0.999142,0.013829,-0.039028,0.048082
0.000000,0.000000,0.000000,1.000000
-0.038156,0.089095,0.995292,0.229632
0.016080,0.995943,-0.088536,-0.096771
-0.999142,0.012626,-0.039434,0.053322
0.000000,0.000000,0.000000,1.000000
-0.036744,0.125653,0.991394,0.232352
0.015484,0.992016,-0.125158,-0.097918
-0.999205,0.010752,-0.038396,0.060148
0.000000,0.000000,0.000000,1.000000
-0.031093,0.163522,0.986050,0.234752
0.013103,0.986508,-0.163185,-0.098929
-0.999431,0.007847,-0.032816,0.069340
0.000000,0.000000,0.000000,1.000000
-0.022615,0.205663,0.978361,0.237570
0.009531,0.978612,-0.205496,-0.100117
-0.999699,0.004677,-0.024092,0.079825
0.000000,0.000000,0.000000,1.000000
-0.009895,0.247449,0.968850,0.240236
0.004170,0.968899,-0.247419,-0.101240
-0.999942,0.001592,-0.010619,0.091564
0.000000,0.000000,0.000000,1.000000
-0.001414,0.288817,0.957383,0.242311
0.000596,0.957384,-0.288816,-0.102115
-0.999999,0.000162,-0.001525,0.102251
0.000000,0.000000,0.000000,1.000000
0.004241,0.329659,0.944091,0.243637
-0.001787,0.944100,-0.329654,-0.102674
-0.999989,-0.000289,0.004593,0.112334
0.000000,0.000000,0.000000,1.000000
0.009895,0.368468,0.929588,0.244271
-0.004170,0.929640,-0.368444,-0.102941
-0.999942,-0.000231,0.010735,0.122890
0.000000,0.000000,0.000000,1.000000
0.015549,0.409441,0.912204,0.243877
-0.006553,0.912336,-0.409389,-0.102775
-0.999858,0.000388,0.016869,0.133681
0.000000,0.000000,0.000000,1.000000
0.024028,0.444103,0.895654,0.244009
-0.010126,0.895974,-0.443990,-0.102831
-0.999660,0.001599,0.026026,0.144305
0.000000,0.000000,0.000000,1.000000
0.035331,0.476733,0.878338,0.243835
-0.014889,0.879040,-0.476515,-0.102757
-0.999265,0.003758,0.038155,0.155036
0.000000,0.000000,0.000000,1.000000
0.036767,0.502118,0.864017,0.242614
-0.015428,0.864784,-0.501907,-0.101804
-0.999205,0.005124,0.039542,0.162439
0.000000,0.000000,0.000000,1.000000
0.041007,0.524449,0.850454,0.241874
-0.017207,0.851414,-0.524211,-0.101494
-0.999011,0.006862,0.043938,0.168529
0.000000,0.000000,0.000000,1.000000
0.043833,0.538702,0.841356,0.240597
-0.018393,0.842457,-0.538449,-0.100958
-0.998870,0.008127,0.046836,0.173760
0.000000,0.000000,0.000000,1.000000
0.050896,0.550199,0.833481,0.240395
-0.021357,0.834972,-0.549878,-0.100873
-0.998476,0.010186,0.054247,0.179142
0.000000,0.000000,0.000000,1.000000
0.048071,0.550227,0.833631,0.240276
-0.020171,0.834960,-0.549941,-0.100824
-0.998640,0.009621,0.051236,0.178729
0.000000,0.000000,0.000000,1.000000
0.049484,0.550213,0.833557,0.240171
-0.020764,0.834966,-0.549910,-0.100779
-0.998559,0.009903,0.052742,0.179129
0.000000,0.000000,0.000000,1.000000
0.049484,0.550213,0.833557,0.240500
-0.020764,0.834966,-0.549910,-0.100918
-0.998559,0.009903,0.052742,0.178742
0.000000,0.000000,0.000000,1.000000
0.049484,0.550213,0.833557,0.240219
-0.020764,0.834966,-0.549910,-0.100800
-0.998559,0.009903,0.052742,0.178826
0.000000,0.000000,0.000000,1.000000
0.049484,0.550213,0.833557,0.240500
-0.020764,0.834966,-0.549910,-0.100918
-0.998559,0.009903,0.052742,0.178742
0.000000,0.000000,0.000000,1.000000
0.049452,0.554045,0.831017,0.240016
-0.020840,0.832426,-0.553744,-0.101148
-0.998559,0.010065,0.052711,0.179129
0.000000,0.000000,0.000000,1.000000
0.050731,0.561664,0.825809,0.239614
-0.021746,0.827298,-0.561342,-0.102714
-0.998476,0.010519,0.054184,0.179142
0.000000,0.000000,0.000000,1.000000
0.047659,0.574313,0.817248,0.238218
-0.021126,0.818574,-0.574013,-0.105595
-0.998640,0.010092,0.051146,0.178729
0.000000,0.000000,0.000000,1.000000
0.048616,0.595439,0.801928,0.235962
-0.022721,0.803329,-0.595102,-0.110276
-0.998559,0.010711,0.052584,0.179129
0.000000,0.000000,0.000000,1.000000
0.047896,0.624595,0.779479,0.232468
-0.024201,0.780871,-0.624224,-0.117462
-0.998559,0.011034,0.052517,0.179129
0.000000,0.000000,0.000000,1.000000
0.046973,0.659844,0.749933,0.227987
-0.025948,0.751315,-0.659434,-0.125939
-0.998559,0.011517,0.052413,0.179129
0.000000,0.000000,0.000000,1.000000
0.044466,0.699214,0.713528,0.221954
-0.027211,0.714817,-0.698782,-0.135826
-0.998640,0.011656,0.050812,0.179116
0.000000,0.000000,0.000000,1.000000
0.041855,0.738641,0.672798,0.215340
-0.028434,0.673996,-0.738187,-0.146287
-0.998719,0.011767,0.049213,0.178716
0.000000,0.000000,0.000000,1.000000
0.041633,0.776626,0.628584,0.207812
-0.031375,0.629836,-0.776094,-0.156609
-0.998640,0.012589,0.050589,0.179116
0.000000,0.000000,0.000000,1.000000
0.038817,0.813789,0.579863,0.199435
-0.032459,0.581021,-0.813241,-0.166767
-0.998719,0.012746,0.048968,0.179103
0.000000,0.000000,0.000000,1.000000
0.036103,0.845442,0.532845,0.191103
-0.033230,0.533914,-0.844886,-0.175895
-0.998795,0.012797,0.047370,0.179091
0.000000,0.000000,0.000000,1.000000
0.033458,0.873627,0.485444,0.182890
-0.033767,0.486427,-0.873069,-0.184581
-0.998870,0.012819,0.045774,0.178693
0.000000,0.000000,0.000000,1.000000
0.030894,0.897804,0.439311,0.174372
-0.034086,0.440212,-0.897247,-0.192390
-0.998941,0.012745,0.044202,0.178379
0.000000,0.000000,0.000000,1.000000
0.028475,0.919535,0.391975,0.166329
-0.034159,0.392800,-0.918989,-0.199531
-0.999011,0.012779,0.042595,0.177980
0.000000,0.000000,0.000000,1.000000
0.025122,0.939304,0.342164,0.157528
-0.032914,0.342864,-0.938808,-0.206385
-0.999142,0.012323,0.039529,0.177572
0.000000,0.000000,0.000000,1.000000
0.021932,0.955916,0.292819,0.148649
-0.031448,0.293404,-0.955471,-0.213142
-0.999265,0.011747,0.036496,0.176775
0.000000,0.000000,0.000000,1.000000
0.018917,0.970297,0.241175,0.139315
-0.029773,0.241658,-0.969905,-0.219257
-0.999378,0.011168,0.033460,0.176064
0.000000,0.000000,0.000000,1.000000
0.015365,0.981007,0.193363,0.129952
-0.026549,0.193717,-0.980698,-0.224553
-0.999529,0.009934,0.029022,0.175347
0.000000,0.000000,0.000000,1.000000
0.012865,0.989118,0.146563,0.120854
-0.024428,0.146842,-0.988858,-0.229478
-0.999619,0.009141,0.026051,0.174639
0.000000,0.000000,0.000000,1.000000
0.010663,0.994360,0.105524,0.112625
-0.022104,0.105738,-0.994148,-0.233476
-0.999699,0.008268,0.023107,0.174235
0.000000,0.000000,0.000000,1.000000
0.008762,0.997258,0.073476,0.105860
-0.019605,0.073636,-0.997092,-0.236853
-0.999769,0.007296,0.020196,0.173439
0.000000,0.000000,0.000000,1.000000
0.006072,0.999924,0.010690,0.093357
-0.015742,0.010784,-0.999818,-0.242019
-0.999858,0.005903,0.015807,0.172639
0.000000,0.000000,0.000000,1.000000
0.006072,0.999924,0.010690,0.093357
-0.015742,0.010784,-0.999818,-0.242019
-0.999858,0.005903,0.015807,0.172639
0.000000,0.000000,0.000000,1.000000
0.006072,0.999924,0.010690,0.093357
-0.015742,0.010784,-0.999818,-0.242019
-0.999858,0.005903,0.015807,0.172639
0.000000,0.000000,0.000000,1.000000
0.006072,0.999924,0.010690,0.093357
-0.015742,0.010784,-0.999818,-0.242019
-0.999858,0.005903,0.015807,0.172639
0.000000,0.000000,0.000000,1.000000
0.004434,0.999915,0.012246,0.093512
-0.011442,0.012296,-0.999859,-0.241318
-0.999925,0.004293,0.011496,0.171717
0.000000,0.000000,0.000000,1.000000
0.002771,0.999921,0.012262,0.093309
-0.007152,0.012281,-0.999899,-0.240795
-0.999971,0.002683,0.007185,0.170494
0.000000,0.000000,0.000000,1.000000
-0.000000,0.999942,0.010738,0.093104
0.000000,0.010738,-0.999942,-0.241364
-1.000000,-0.000000,-0.000000,0.166473
0.000000,0.000000,0.000000,1.000000
-0.000000,0.999958,0.009204,0.093573
0.000000,0.009204,-0.999958,-0.242578
-1.000000,-0.000000,-0.000000,0.162534
0.000000,0.000000,0.000000,1.000000
-0.000552,0.999957,0.009203,0.093870
0.001431,0.009204,-0.999957,-0.243349
-0.999999,-0.000539,-0.001436,0.156843
0.000000,0.000000,0.000000,1.000000
-0.000000,0.999981,0.006136,0.094146
0.000000,0.006136,-0.999981,-0.245183
-1.000000,-0.000000,-0.000000,0.149722
0.000000,0.000000,0.000000,1.000000
-0.001095,0.999989,0.004600,0.094180
0.002866,0.004603,-0.999985,-0.246401
-0.999995,-0.001082,-0.002871,0.140647
0.000000,0.000000,0.000000,1.000000
-0.001095,0.999989,0.004600,0.094727
0.002866,0.004603,-0.999985,-0.247832
-0.999995,-0.001082,-0.002871,0.130848
0.000000,0.000000,0.000000,1.000000
-0.001087,0.999998,0.001532,0.094272
0.002869,0.001535,-0.999995,-0.248930
-0.999995,-0.001082,-0.002871,0.121769
0.000000,0.000000,0.000000,1.000000
-0.001082,0.999999,-0.000002,0.094049
0.002871,0.000002,-0.999996,-0.249495
-0.999995,-0.001082,-0.002871,0.112410
0.000000,0.000000,0.000000,1.000000
-0.000000,0.999995,-0.003068,0.093472
0.000000,-0.003068,-0.999995,-0.250289
-1.000000,-0.000000,-0.000000,0.103094
0.000000,0.000000,0.000000,1.000000
0.000530,0.999958,-0.009204,0.092310
-0.001439,-0.009203,-0.999957,-0.250692
-0.999999,0.000543,0.001435,0.094138
0.000000,0.000000,0.000000,1.000000
0.000000,0.999925,-0.012272,0.091285
-0.000000,-0.012272,-0.999925,-0.250273
-1.000000,0.000000,0.000000,0.084550
0.000000,0.000000,0.000000,1.000000
-0.000517,0.999830,-0.018407,0.089390
0.001444,-0.018406,-0.999830,-0.249827
-0.999999,-0.000543,-0.001435,0.075352
0.000000,0.000000,0.000000,1.000000
0.001020,0.999735,-0.023009,0.088233
-0.002893,-0.023006,-0.999731,-0.250220
-0.999995,0.001087,0.002869,0.068391
0.000000,0.000000,0.000000,1.000000
0.001517,0.999618,-0.027611,0.087148
-0.004345,-0.027605,-0.999609,-0.249581
-0.999989,0.001636,0.004301,0.062593
0.000000,0.000000,0.000000,1.000000
0.004945,0.999364,-0.035310,0.085168
-0.014520,-0.035235,-0.999274,-0.250057
-0.999882,0.005455,0.014337,0.054101
0.000000,0.000000,0.000000,1.000000
0.004945,0.999364,-0.035310,0.085168
-0.014520,-0.035235,-0.999274,-0.250057
-0.999882,0.005455,0.014337,0.054101
0.000000,0.000000,0.000000,1.000000
0.004945,0.999364,-0.035310,0.085168
-0.014520,-0.035235,-0.999274,-0.250057
-0.999882,0.005455,0.014337,0.054101
0.000000,0.000000,0.000000,1.000000
0.024755,0.999094,-0.034609,0.087901
-0.070896,-0.032778,-0.996945,-0.251737
-0.997176,0.027133,0.070021,0.063828
0.000000,0.000000,0.000000,1.000000
0.024755,0.999094,-0.034609,0.087901
-0.070896,-0.032778,-0.996945,-0.251737
-0.997176,0.027133,0.070021,0.063828
0.000000,0.000000,0.000000,1.000000
0.024755,0.999094,-0.034609,0.087901
-0.070896,-0.032778,-0.996945,-0.251737
-0.997176,0.027133,0.070021,0.063828
0.000000,0.000000,0.000000,1.000000
0.023747,0.999121,-0.034540,0.087741
-0.068008,-0.032855,-0.997144,-0.251279
-0.997402,0.026028,0.067168,0.063793
0.000000,0.000000,0.000000,1.000000
0.022738,0.999147,-0.034473,0.087581
-0.065119,-0.032929,-0.997334,-0.250820
-0.997618,0.024922,0.064314,0.063758
0.000000,0.000000,0.000000,1.000000
0.019205,0.999228,-0.034263,0.087098
-0.055002,-0.033162,-0.997935,-0.249437
-0.998302,0.021050,0.054322,0.064217
0.000000,0.000000,0.000000,1.000000
0.018196,0.999249,-0.034210,0.087203
-0.052110,-0.033221,-0.998089,-0.249739
-0.998476,0.019943,0.051466,0.066181
0.000000,0.000000,0.000000,1.000000
0.016681,0.999278,-0.034135,0.087499
-0.047771,-0.033304,-0.998303,-0.250587
-0.998719,0.018283,0.047181,0.069467
0.000000,0.000000,0.000000,1.000000
0.017691,0.999259,-0.034184,0.088180
-0.050664,-0.033250,-0.998162,-0.252537
-0.998559,0.019390,0.050038,0.074794
0.000000,0.000000,0.000000,1.000000
0.018196,0.999249,-0.034210,0.089040
-0.052110,-0.033221,-0.998089,-0.255000
-0.998476,0.019943,0.051466,0.082102
0.000000,0.000000,0.000000,1.000000
0.018196,0.999249,-0.034210,0.089571
-0.052110,-0.033221,-0.998089,-0.256521
-0.998476,0.019943,0.051466,0.087704
0.000000,0.000000,0.000000,1.000000
0.017691,0.999259,-0.034184,0.090130
-0.050664,-0.033250,-0.998162,-0.258121
-0.998559,0.019390,0.050038,0.095428
0.000000,0.000000,0.000000,1.000000
0.018196,0.999249,-0.034210,0.090874
-0.052110,-0.033221,-0.998089,-0.260251
-0.998476,0.019943,0.051466,0.105362
0.000000,0.000000,0.000000,1.000000
0.019205,0.999228,-0.034263,0.091480
-0.055002,-0.033162,-0.997935,-0.261986
-0.998302,0.021050,0.054322,0.114183
0.000000,0.000000,0.000000,1.000000
0.019710,0.999218,-0.034291,0.091733
-0.056447,-0.033131,-0.997856,-0.262712
-0.998211,0.021603,0.055750,0.121621
0.000000,0.000000,0.000000,1.000000
0.021131,0.999132,-0.035909,0.091420
-0.060816,-0.034566,-0.997550,-0.263113
-0.997925,0.023263,0.060033,0.133416
0.000000,0.000000,0.000000,1.000000
0.023140,0.999083,-0.036036,0.091583
-0.066599,-0.034425,-0.997186,-0.263580
-0.997511,0.025475,0.065741,0.143506
0.000000,0.000000,0.000000,1.000000
0.024251,0.999108,-0.034574,0.091947
-0.069452,-0.032817,-0.997045,-0.263325
-0.997290,0.026581,0.068595,0.152536
0.000000,0.000000,0.000000,1.000000
0.024647,0.999043,-0.036138,0.091245
-0.070934,-0.034311,-0.996891,-0.262608
-0.997176,0.027133,0.070021,0.160103
0.000000,0.000000,0.000000,1.000000
0.024647,0.999043,-0.036138,0.090908
-0.070934,-0.034311,-0.996891,-0.261637
-0.997176,0.027133,0.070021,0.168939
0.000000,0.000000,0.000000,1.000000
0.024647,0.999043,-0.036138,0.090460
-0.070934,-0.034311,-0.996891,-0.260348
-0.997176,0.027133,0.070021,0.177420
0.000000,0.000000,0.000000,1.000000
0.025149,0.999029,-0.036174,0.089897
-0.072379,-0.034271,-0.996788,-0.258727
-0.997060,0.027686,0.071447,0.185656
0.000000,0.000000,0.000000,1.000000
0.027658,0.998956,-0.036363,0.089194
-0.079601,-0.034060,-0.996245,-0.256704
-0.996443,0.030448,0.078576,0.194791
0.000000,0.000000,0.000000,1.000000
0.031669,0.998824,-0.036702,0.088411
-0.091145,-0.033682,-0.995268,-0.254453
-0.995334,0.034864,0.089971,0.204865
0.000000,0.000000,0.000000,1.000000
0.032527,0.998736,-0.038321,0.087465
-0.094079,-0.035111,-0.994945,-0.252981
-0.995033,0.035968,0.092818,0.209755
0.000000,0.000000,0.000000,1.000000
0.034023,0.998681,-0.038463,0.086745
-0.098406,-0.034951,-0.994532,-0.250898
-0.994565,0.037622,0.097087,0.215584
0.000000,0.000000,0.000000,1.000000
0.034023,0.998681,-0.038463,0.086338
-0.098406,-0.034951,-0.994532,-0.249721
-0.994565,0.037622,0.097087,0.218720
0.000000,0.000000,0.000000,1.000000
0.034521,0.998662,-0.038512,0.085953
-0.099848,-0.034896,-0.994391,-0.248608
-0.994404,0.038173,0.098510,0.222143
0.000000,0.000000,0.000000,1.000000
0.034521,0.998662,-0.038512,0.085953
-0.099848,-0.034896,-0.994391,-0.248608
-0.994404,0.038173,0.098510,0.222143
0.000000,0.000000,0.000000,1.000000
0.034521,0.998662,-0.038512,0.085953
-0.099848,-0.034896,-0.994391,-0.248608
-0.994404,0.038173,0.098510,0.222143
0.000000,0.000000,0.000000,1.000000
0.034521,0.998662,-0.038512,0.085953
-0.099848,-0.034896,-0.994391,-0.248608
-0.994404,0.038173,0.098510,0.222143
0.000000,0.000000,0.000000,1.000000
0.034368,0.998412,-0.044633,0.085572
-0.099901,-0.041004,-0.994152,-0.248739
-0.994404,0.038626,0.098333,0.222143
0.000000,0.000000,0.000000,1.000000
0.034368,0.998412,-0.044633,0.085572
-0.099901,-0.041004,-0.994152,-0.248739
-0.994404,0.038626,0.098333,0.222143
0.000000,0.000000,0.000000,1.000000
0.035020,0.998454,-0.043157,0.086032
-0.101289,-0.039416,-0.994076,-0.248836
-0.994240,0.039184,0.099753,0.222169
0.000000,0.000000,0.000000,1.000000
0.034521,0.998474,-0.043108,0.085953
-0.099848,-0.039472,-0.994219,-0.248608
-0.994404,0.038626,0.098333,0.222143
0.000000,0.000000,0.000000,1.000000
0.035175,0.998514,-0.041632,0.086414
-0.101236,-0.037884,-0.994141,-0.248704
-0.994240,0.039184,0.099753,0.222169
0.000000,0.000000,0.000000,1.000000
0.035796,0.998727,-0.035532,0.087797
-0.101018,-0.031756,-0.994378,-0.247771
-0.994240,0.039184,0.099753,0.222546
0.000000,0.000000,0.000000,1.000000
0.035896,0.998924,-0.029378,0.089377
-0.099362,-0.025684,-0.994720,-0.247398
-0.994404,0.038626,0.098333,0.222143
0.000000,0.000000,0.000000,1.000000
0.037113,0.999164,-0.017169,0.092407
-0.098914,-0.013424,-0.995005,-0.246282
-0.994404,0.038626,0.098333,0.222143
0.000000,0.000000,0.000000,1.000000
0.039642,0.999211,0.002619,0.097389
-0.099571,0.006558,-0.995009,-0.244615
-0.994240,0.039184,0.099753,0.222169
0.000000,0.000000,0.000000,1.000000
0.042074,0.998749,0.027037,0.103315
-0.098568,0.031078,-0.994645,-0.242040
-0.994240,0.039184,0.099753,0.222451
0.000000,0.000000,0.000000,1.000000
0.044142,0.997535,0.054550,0.109907
-0.095983,0.058586,-0.993657,-0.238986
-0.994404,0.038626,0.098333,0.222143
0.000000,0.000000,0.000000,1.000000
0.046920,0.995404,0.083484,0.116825
-0.094656,0.087630,-0.991646,-0.235681
-0.994404,0.038626,0.098333,0.222143
0.000000,0.000000,0.000000,1.000000
0.050666,0.992037,0.115308,0.124470
-0.094440,0.119698,-0.988308,-0.232010
-0.994240,0.039184,0.099753,0.222169
0.000000,0.000000,0.000000,1.000000
0.053681,0.987667,0.147079,0.131878
-0.092759,0.151587,-0.984082,-0.227880
-0.994240,0.039184,0.099753,0.222169
0.000000,0.000000,0.000000,1.000000
0.056920,0.981705,0.181701,0.139834
-0.090808,0.186332,-0.978281,-0.223087
-0.994240,0.039184,0.099753,0.222169
0.000000,0.000000,0.000000,1.000000
0.060223,0.974182,0.217585,0.147950
-0.088651,0.222340,-0.970931,-0.217789
-0.994240,0.039184,0.099753,0.222169
0.000000,0.000000,0.000000,1.000000
0.062804,0.964577,0.256216,0.156624
-0.084953,0.260958,-0.961605,-0.211861
-0.994404,0.038626,0.098333,0.221765
0.000000,0.000000,0.000000,1.000000
0.068051,0.953330,0.294163,0.165249
-0.084760,0.299305,-0.950385,-0.205825
-0.994075,0.039741,0.101172,0.221817
0.000000,0.000000,0.000000,1.000000
0.069861,0.938631,0.337775,0.174780
-0.079251,0.342754,-0.936076,-0.198274
-0.994404,0.038626,0.098333,0.221006
0.000000,0.000000,0.000000,1.000000
0.074375,0.922418,0.378963,0.183801
-0.077164,0.384200,-0.920020,-0.190696
-0.994240,0.039184,0.099753,0.220935
0.000000,0.000000,0.000000,1.000000
0.076849,0.903156,0.422379,0.193093
-0.072495,0.427572,-0.901070,-0.182153
-0.994404,0.038626,0.098333,0.220147
0.000000,0.000000,0.000000,1.000000
0.077892,0.881899,0.464960,0.201891
-0.066774,0.469944,-0.880167,-0.173075
-0.994723,0.037510,0.095493,0.219049
0.000000,0.000000,0.000000,1.000000
0.079773,0.858608,0.506388,0.210357
-0.062059,0.511300,-0.857159,-0.163646
-0.994879,0.036952,0.094072,0.218257
0.000000,0.000000,0.000000,1.000000
0.081473,0.832531,0.547954,0.218276
-0.057193,0.552781,-0.831361,-0.153227
-0.995033,0.036394,0.092652,0.217848
0.000000,0.000000,0.000000,1.000000
0.082730,0.806267,0.585738,0.225590
-0.052566,0.590465,-0.805349,-0.143339
-0.995185,0.035836,0.091231,0.217053
0.000000,0.000000,0.000000,1.000000
0.083735,0.778297,0.622287,0.232454
-0.047946,0.626904,-0.777620,-0.133100
-0.995334,0.035278,0.089810,0.216256
0.000000,0.000000,0.000000,1.000000
0.084427,0.749696,0.656375,0.238561
-0.043476,0.660871,-0.749239,-0.122846
-0.995481,0.034720,0.088389,0.215741
0.000000,0.000000,0.000000,1.000000
0.084830,0.720676,0.688062,0.243873
-0.039170,0.692430,-0.720421,-0.112609
-0.995625,0.034162,0.086967,0.215044
0.000000,0.000000,0.000000,1.000000
0.083660,0.689266,0.719662,0.248952
-0.034203,0.723755,-0.689209,-0.101780
-0.995907,0.033045,0.084124,0.214220
0.000000,0.000000,0.000000,1.000000
0.083660,0.656445,0.749721,0.253776
-0.029934,0.753674,-0.656566,-0.090802
-0.996045,0.032486,0.082702,0.213416
0.000000,0.000000,0.000000,1.000000
0.083448,0.622326,0.778297,0.258112
-0.025734,0.782106,-0.622613,-0.079596
-0.996180,0.031927,0.081280,0.212609
0.000000,0.000000,0.000000,1.000000
0.081552,0.587023,0.805452,0.261716
-0.021227,0.808984,-0.587448,-0.068122
-0.996443,0.030810,0.078435,0.211780
0.000000,0.000000,0.000000,1.000000
0.082495,0.546621,0.833307,0.265432
-0.017200,0.836813,-0.547218,-0.055342
-0.996443,0.030810,0.078435,0.211277
0.000000,0.000000,0.000000,1.000000
0.078651,0.509003,0.857164,0.267820
-0.012779,0.860272,-0.509675,-0.043514
-0.996820,0.029133,0.074166,0.210138
0.000000,0.000000,0.000000,1.000000
0.077623,0.470286,0.879094,0.270051
-0.009091,0.882051,-0.471066,-0.031627
-0.996941,0.028574,0.072742,0.209324
0.000000,0.000000,0.000000,1.000000
0.079484,0.429167,0.899721,0.271758
-0.005618,0.902755,-0.430118,-0.019208
-0.996820,0.029133,0.074166,0.209232
0.000000,0.000000,0.000000,1.000000
0.075074,0.385899,0.919481,0.272948
-0.001728,0.922132,-0.386871,-0.006282
-0.997176,0.027455,0.069895,0.207689
0.000000,0.000000,0.000000,1.000000
0.073545,0.343111,0.936411,0.273105
0.001693,0.938910,-0.344159,0.006285
-0.997290,0.026896,0.068471,0.207270
0.000000,0.000000,0.000000,1.000000
0.074931,0.302438,0.950219,0.273121
0.004950,0.952774,-0.303641,0.018042
-0.997176,0.027455,0.069895,0.207175
0.000000,0.000000,0.000000,1.000000
0.073153,0.264249,0.961676,0.272737
0.007772,0.964079,-0.265500,0.028976
-0.997290,0.026896,0.068471,0.206353
0.000000,0.000000,0.000000,1.000000
0.071287,0.227132,0.971251,0.271973
0.010351,0.973508,-0.228420,0.039491
-0.997402,0.026337,0.067047,0.205528
0.000000,0.000000,0.000000,1.000000
0.066379,0.194271,0.978699,0.270651
0.011938,0.980638,-0.195465,0.048675
-0.997723,0.024658,0.062775,0.204379
0.000000,0.000000,0.000000,1.000000
0.066024,0.167123,0.983723,0.269879
0.013766,0.985628,-0.168371,0.056269
-0.997723,0.024658,0.062775,0.203856
0.000000,0.000000,0.000000,1.000000
0.064199,0.144439,0.987429,0.268759
0.014935,0.989220,-0.145672,0.062521
-0.997825,0.024099,0.061350,0.203143
0.000000,0.000000,0.000000,1.000000
0.063838,0.121641,0.990519,0.267249
0.016408,0.992282,-0.122915,0.068688
-0.997825,0.024099,0.061350,0.203143
0.000000,0.000000,0.000000,1.000000
0.066447,0.101757,0.992588,0.266197
0.018498,0.994490,-0.103190,0.074106
-0.997618,0.025218,0.064199,0.203466
0.000000,0.000000,0.000000,1.000000
0.063162,0.083507,0.994503,0.264796
0.018843,0.996216,-0.084848,0.078996
-0.997825,0.024099,0.061350,0.202736
0.000000,0.000000,0.000000,1.000000
0.062805,0.065156,0.995897,0.263951
0.020003,0.997584,-0.066528,0.084065
-0.997825,0.024099,0.061350,0.202209
0.000000,0.000000,0.000000,1.000000
0.059526,0.046851,0.997127,0.262364
0.020173,0.998638,-0.048126,0.088911
-0.998023,0.022979,0.058500,0.201478
0.000000,0.000000,0.000000,1.000000
0.059178,0.029994,0.997797,0.261195
0.021174,0.999286,-0.031295,0.093457
-0.998023,0.022979,0.058500,0.201068
0.000000,0.000000,0.000000,1.000000
0.061712,0.014595,0.997987,0.259819
0.023155,0.999603,-0.016050,0.097486
-0.997825,0.024099,0.061350,0.201510
0.000000,0.000000,0.000000,1.000000
0.061748,0.016128,0.997961,0.259968
0.023060,0.999579,-0.017581,0.097087
-0.997825,0.024099,0.061350,0.201510
0.000000,0.000000,0.000000,1.000000
0.061748,0.016128,0.997961,0.259968
0.023060,0.999579,-0.017581,0.097087
-0.997825,0.024099,0.061350,0.201510
0.000000,0.000000,0.000000,1.000000
0.061783,0.017661,0.997933,0.260117
0.022965,0.999554,-0.019112,0.096688
-0.997825,0.024099,0.061350,0.201510
0.000000,0.000000,0.000000,1.000000
0.063218,0.017626,0.997844,0.260619
0.023499,0.999541,-0.019145,0.096875
-0.997723,0.024658,0.062775,0.201407
0.000000,0.000000,0.000000,1.000000
0.064652,0.017591,0.997753,0.260938
0.024032,0.999527,-0.019179,0.096994
-0.997618,0.025218,0.064199,0.201132
0.000000,0.000000,0.000000,1.000000
0.073172,0.014292,0.997217,0.261636
0.027455,0.999490,-0.016339,0.098168
-0.996941,0.028574,0.072742,0.201650
0.000000,0.000000,0.000000,1.000000
0.078853,0.012589,0.996807,0.262941
0.029724,0.999446,-0.014973,0.099118
-0.996443,0.030810,0.078435,0.200737
0.000000,0.000000,0.000000,1.000000
0.078807,0.011055,0.996829,0.263489
0.029845,0.999464,-0.013444,0.099786
-0.996443,0.030810,0.078435,0.197646
0.000000,0.000000,0.000000,1.000000
0.071699,0.014330,0.997323,0.264266
0.027027,0.999502,-0.016304,0.099617
-0.997060,0.028124,0.071276,0.192140
0.000000,0.000000,0.000000,1.000000
0.065973,0.014485,0.997716,0.264503
0.024869,0.999560,-0.016156,0.099706
-0.997511,0.025878,0.065584,0.186559
0.000000,0.000000,0.000000,1.000000
0.057346,0.013159,0.998268,0.264558
0.021718,0.999660,-0.014425,0.100191
-0.998118,0.022507,0.057041,0.179295
0.000000,0.000000,0.000000,1.000000
0.048724,0.011805,0.998742,0.264237
0.018538,0.999747,-0.012721,0.100533
-0.998640,0.019134,0.048493,0.171198
0.000000,0.000000,0.000000,1.000000
0.047237,0.008765,0.998845,0.264269
0.018138,0.999789,-0.009631,0.101474
-0.998719,0.018572,0.047068,0.163536
0.000000,0.000000,0.000000,1.000000
0.042895,0.007306,0.999053,0.263026
0.016622,0.999830,-0.008025,0.101924
-0.998941,0.016951,0.042766,0.155735
0.000000,0.000000,0.000000,1.000000
0.041442,0.005796,0.999124,0.262057
0.016132,0.999849,-0.006470,0.102011
-0.999011,0.016386,0.041342,0.148227
0.000000,0.000000,0.000000,1.000000
0.039965,0.002752,0.999197,0.260080
0.015699,0.999871,-0.003381,0.102162
-0.999078,0.015821,0.039917,0.141227
0.000000,0.000000,0.000000,1.000000
0.041342,-0.000339,0.999145,0.258278
0.016386,0.999866,-0.000339,0.102369
-0.999011,0.016386,0.041342,0.134229
0.000000,0.000000,0.000000,1.000000
0.037045,-0.001806,0.999312,0.255709
0.014749,0.999890,0.001261,0.101806
-0.999205,0.014692,0.037067,0.126768
0.000000,0.000000,0.000000,1.000000
0.035599,-0.001787,0.999365,0.253573
0.014236,0.999898,0.001280,0.101406
-0.999265,0.014182,0.035621,0.119235
0.000000,0.000000,0.000000,1.000000
0.034155,-0.003301,0.999411,0.251101
0.013720,0.999902,0.002833,0.100864
-0.999322,0.013615,0.034197,0.111426
0.000000,0.000000,0.000000,1.000000
0.031271,-0.006331,0.999491,0.247935
0.012673,0.999902,0.005937,0.100477
-0.999431,0.012481,0.031348,0.103651
0.000000,0.000000,0.000000,1.000000
0.029813,-0.009381,0.999511,0.244536
0.012188,0.999885,0.009021,0.099974
-0.999481,0.011913,0.029924,0.096640
0.000000,0.000000,0.000000,1.000000
0.028376,-0.010899,0.999538,0.240822
0.011652,0.999876,0.010572,0.098887
-0.999529,0.011346,0.028499,0.090077
0.000000,0.000000,0.000000,1.000000
0.029756,-0.012450,0.999480,0.237974
0.012325,0.999851,0.012087,0.098572
-0.999481,0.011959,0.029905,0.084275
0.000000,0.000000,0.000000,1.000000
0.029718,-0.015517,0.999438,0.235182
0.012417,0.999808,0.015154,0.098262
-0.999481,0.011959,0.029905,0.079008
0.000000,0.000000,0.000000,1.000000
0.029680,-0.018584,0.999387,0.232260
0.012508,0.999756,0.018220,0.097879
-0.999481,0.011959,0.029905,0.074745
0.000000,0.000000,0.000000,1.000000
0.028249,-0.020101,0.999399,0.229926
0.011956,0.999733,0.019770,0.097311
-0.999529,0.011390,0.028482,0.070901
0.000000,0.000000,0.000000,1.000000
0.025408,-0.020071,0.999476,0.226467
0.010799,0.999746,0.019802,0.096257
-0.999619,0.010291,0.025619,0.064170
0.000000,0.000000,0.000000,1.000000
0.025392,-0.021605,0.999444,0.225866
0.010838,0.999714,0.021335,0.096411
-0.999619,0.010291,0.025619,0.063046
0.000000,0.000000,0.000000,1.000000
0.025392,-0.021605,0.999444,0.225866
0.010838,0.999714,0.021335,0.096411
-0.999619,0.010291,0.025619,0.063046
0.000000,0.000000,0.000000,1.000000
0.023981,-0.020057,0.999511,0.225528
0.010236,0.999751,0.019817,0.096267
-0.999660,0.009756,0.024181,0.062759
0.000000,0.000000,0.000000,1.000000
0.029603,-0.020120,0.999359,0.226274
0.012690,0.999724,0.019751,0.096996
-0.999481,0.012097,0.029850,0.062787
0.000000,0.000000,0.000000,1.000000
0.032313,0.030430,0.999014,0.227519
0.014146,0.999422,-0.030900,0.099602
-0.999378,0.015131,0.031864,0.040584
0.000000,0.000000,0.000000,1.000000
0.032313,0.030430,0.999014,0.227519
0.014146,0.999422,-0.030900,0.099602
-0.999378,0.015131,0.031864,0.040584
0.000000,0.000000,0.000000,1.000000
0.030909,0.030451,0.999058,0.227296
0.013531,0.999431,-0.030881,0.099505
-0.999431,0.014473,0.030479,0.040576
0.000000,0.000000,0.000000,1.000000
0.029505,0.030471,0.999100,0.227213
0.012916,0.999440,-0.030863,0.099468
-0.999481,0.013815,0.029095,0.040834
0.000000,0.000000,0.000000,1.000000
0.030909,0.030451,0.999058,0.227715
0.013531,0.999431,-0.030881,0.099688
-0.999431,0.014473,0.030479,0.041375
0.000000,0.000000,0.000000,1.000000
0.025291,0.030525,0.999214,0.227374
0.011072,0.999464,-0.030813,0.099538
-0.999619,0.011842,0.024939,0.041772
0.000000,0.000000,0.000000,1.000000
0.018267,0.030597,0.999365,0.226809
0.007997,0.999495,-0.030747,0.099291
-0.999801,0.008553,0.018013,0.042814
0.000000,0.000000,0.000000,1.000000
0.011234,0.029112,0.999513,0.226762
0.004938,0.999562,-0.029169,0.099686
-0.999925,0.005264,0.011085,0.044569
0.000000,0.000000,0.000000,1.000000
0.009836,0.030652,0.999482,0.228273
0.004306,0.999520,-0.030696,0.099932
-0.999942,0.004606,0.009700,0.047819
0.000000,0.000000,0.000000,1.000000
0.015457,0.030619,0.999412,0.231186
0.006767,0.999505,-0.030726,0.101207
-0.999858,0.007238,0.015242,0.052217
0.000000,0.000000,0.000000,1.000000
0.025291,0.030525,0.999214,0.235932
0.011072,0.999464,-0.030813,0.103285
-0.999619,0.011842,0.024939,0.059772
0.000000,0.000000,0.000000,1.000000
0.030888,0.030450,0.999059,0.239252
0.013579,0.999431,-0.030882,0.105176
-0.999431,0.014520,0.030457,0.066600
0.000000,0.000000,0.000000,1.000000
0.037930,0.030338,0.998820,0.243165
0.016605,0.999382,-0.030985,0.106451
-0.999142,0.017761,0.037403,0.074411
0.000000,0.000000,0.000000,1.000000
0.042142,0.030259,0.998653,0.246174
0.018449,0.999347,-0.031058,0.107769
-0.998941,0.019733,0.041556,0.082322
0.000000,0.000000,0.000000,1.000000
0.049159,0.031640,0.998290,0.249466
0.021521,0.999233,-0.032730,0.109210
-0.998559,0.023093,0.048441,0.090955
0.000000,0.000000,0.000000,1.000000
0.057576,0.029898,0.997893,0.252357
0.025205,0.999189,-0.031391,0.110475
-0.998023,0.026960,0.056776,0.099817
0.000000,0.000000,0.000000,1.000000
0.068745,0.029562,0.997196,0.255023
0.030221,0.999040,-0.031701,0.112109
-0.997176,0.032315,0.067786,0.109822
0.000000,0.000000,0.000000,1.000000
0.079942,0.027641,0.996416,0.257361
0.035143,0.998916,-0.030530,0.113137
-0.996180,0.037457,0.078884,0.119315
0.000000,0.000000,0.000000,1.000000
0.088272,0.027305,0.995722,0.258693
0.038967,0.998764,-0.030842,0.114196
-0.995334,0.041522,0.087099,0.128827
0.000000,0.000000,0.000000,1.000000
0.097978,0.025342,0.994866,0.259860
0.043431,0.998614,-0.029715,0.115188
-0.994240,0.046119,0.096742,0.138710
0.000000,0.000000,0.000000,1.000000
0.108976,0.020208,0.993839,0.260369
0.048706,0.998484,-0.025643,0.116371
-0.992850,0.051201,0.107826,0.149054
0.000000,0.000000,0.000000,1.000000
0.120009,0.019596,0.992579,0.260632
0.053858,0.998204,-0.026219,0.116968
-0.991311,0.056605,0.118738,0.159096
0.000000,0.000000,0.000000,1.000000
0.131008,0.017402,0.991229,0.260444
0.059036,0.997935,-0.025323,0.117364
-0.989622,0.061836,0.129710,0.169424
0.000000,0.000000,0.000000,1.000000
0.143352,0.013539,0.989579,0.259809
0.064863,0.997628,-0.023045,0.117558
-0.987544,0.067491,0.142133,0.179543
0.000000,0.000000,0.000000,1.000000
0.155651,0.012639,0.987731,0.258488
0.070716,0.997210,-0.023904,0.117438
-0.985278,0.073569,0.154323,0.189700
0.000000,0.000000,0.000000,1.000000
0.165158,0.010368,0.986213,0.257593
0.075342,0.996890,-0.023098,0.117509
-0.983385,0.078118,0.163864,0.197630
0.000000,0.000000,0.000000,1.000000
0.170525,0.008396,0.985317,0.256115
0.078106,0.996702,-0.022010,0.117309
-0.982253,0.080713,0.169307,0.204188
0.000000,0.000000,0.000000,1.000000
0.177245,0.006293,0.984147,0.255126
0.081513,0.996450,-0.021052,0.117330
-0.980785,0.083953,0.176103,0.210064
0.000000,0.000000,0.000000,1.000000
0.178485,0.004647,0.983932,0.254065
0.082416,0.996404,-0.019656,0.117315
-0.980485,0.084600,0.177461,0.213589
0.000000,0.000000,0.000000,1.000000
0.178359,0.003119,0.983961,0.253024
0.082689,0.996410,-0.018147,0.117305
-0.980485,0.084600,0.177461,0.216182
0.000000,0.000000,0.000000,1.000000
0.178359,0.003119,0.983961,0.252333
0.082689,0.996410,-0.018147,0.116985
-0.980485,0.084600,0.177461,0.218190
0.000000,0.000000,0.000000,1.000000
0.191571,-0.004192,0.981470,0.250759
0.089888,0.995863,-0.013292,0.117660
-0.977354,0.090769,0.191155,0.223508
0.000000,0.000000,0.000000,1.000000
0.191571,-0.004192,0.981470,0.250759
0.089888,0.995863,-0.013292,0.117660
-0.977354,0.090769,0.191155,0.223508
0.000000,0.000000,0.000000,1.000000
0.190214,-0.004066,0.981734,0.250924
0.089251,0.995922,-0.013167,0.117737
-0.977677,0.090126,0.189801,0.223083
0.000000,0.000000,0.000000,1.000000
0.191571,-0.004192,0.981470,0.250759
0.089888,0.995863,-0.013292,0.117660
-0.977354,0.090769,0.191155,0.223508
0.000000,0.000000,0.000000,1.000000
0.192928,-0.004318,0.981203,0.250974
0.090525,0.995804,-0.013417,0.117761
-0.977028,0.091412,0.192509,0.223560
0.000000,0.000000,0.000000,1.000000
0.196200,-0.002977,0.980559,0.252123
0.090596,0.995773,-0.015104,0.116418
-0.976370,0.091798,0.195641,0.223664
0.000000,0.000000,0.000000,1.000000
0.199894,0.005954,0.979799,0.254281
0.089710,0.995670,-0.024352,0.114118
-0.975702,0.092765,0.198494,0.223112
0.000000,0.000000,0.000000,1.000000
0.201511,0.021275,0.979255,0.256484
0.086015,0.995517,-0.039329,0.109480
-0.975702,0.092156,0.198778,0.222065
0.000000,0.000000,0.000000,1.000000
0.199871,0.047690,0.978661,0.259897
0.078157,0.994856,-0.064442,0.101630
-0.976700,0.089369,0.195115,0.219624
0.000000,0.000000,0.000000,1.000000
0.194013,0.077514,0.977932,0.263199
0.068079,0.993406,-0.092247,0.092356
-0.978634,0.084474,0.187456,0.215872
0.000000,0.000000,0.000000,1.000000
0.189391,0.113184,0.975357,0.267195
0.058086,0.990303,-0.126197,0.081949
-0.980182,0.080555,0.180980,0.211488
0.000000,0.000000,0.000000,1.000000
0.185586,0.144066,0.972010,0.269845
0.049524,0.986565,-0.155679,0.072009
-0.981379,0.077030,0.175958,0.208186
0.000000,0.000000,0.000000,1.000000
0.176289,0.194779,0.964875,0.273385
0.036474,0.978261,-0.204145,0.056563
-0.983662,0.071181,0.165352,0.201958
0.000000,0.000000,0.000000,1.000000
0.171941,0.237127,0.956142,0.276089
0.026584,0.969126,-0.245128,0.042687
-0.984749,0.067566,0.160329,0.197648
0.000000,0.000000,0.000000,1.000000
0.165495,0.279081,0.945899,0.277743
0.017582,0.958138,-0.285768,0.029508
-0.986054,0.063924,0.153660,0.192982
0.000000,0.000000,0.000000,1.000000
0.157090,0.319171,0.934587,0.278514
0.008926,0.945839,-0.324514,0.015825
-0.987544,0.059320,0.145733,0.187961
0.000000,0.000000,0.000000,1.000000
0.149756,0.359965,0.920868,0.278725
0.001608,0.931281,-0.364297,0.002993
-0.988722,0.056036,0.138886,0.182965
0.000000,0.000000,0.000000,1.000000
0.143613,0.394411,0.907643,0.278380
-0.004848,0.917420,-0.397892,-0.009398
-0.989622,0.052742,0.133666,0.178595
0.000000,0.000000,0.000000,1.000000
0.134169,0.431186,0.892232,0.277001
-0.010518,0.900941,-0.433813,-0.021715
-0.990903,0.048820,0.125414,0.173542
0.000000,0.000000,0.000000,1.000000
0.127532,0.465751,0.875678,0.275401
-0.015730,0.883726,-0.467741,-0.033968
-0.991710,0.045878,0.120029,0.168851
0.000000,0.000000,0.000000,1.000000
0.119263,0.497015,0.859507,0.273029
-0.019753,0.866702,-0.498435,-0.045221
-0.992666,0.042467,0.113183,0.164430
0.000000,0.000000,0.000000,1.000000
0.107867,0.530334,0.840899,0.269911
-0.022663,0.846926,-0.531228,-0.056708
-0.993907,0.038245,0.103374,0.158947
0.000000,0.000000,0.000000,1.000000
0.103758,0.563829,0.819348,0.266462
-0.026837,0.825081,-0.564376,-0.068922
-0.994240,0.036569,0.100740,0.155616
0.000000,0.000000,0.000000,1.000000
0.096807,0.591580,0.800413,0.262848
-0.029042,0.805527,-0.591847,-0.078854
-0.994879,0.034049,0.095162,0.152144
0.000000,0.000000,0.000000,1.000000
0.090032,0.613807,0.784306,0.259343
-0.030203,0.788824,-0.613876,-0.087001
-0.995481,0.031580,0.089559,0.148982
0.000000,0.000000,0.000000,1.000000
0.086441,0.630701,0.771197,0.256856
-0.031229,0.775429,-0.630662,-0.092795
-0.995767,0.030432,0.086725,0.146482
0.000000,0.000000,0.000000,1.000000
0.081713,0.637956,0.765725,0.254882
-0.030802,0.769544,-0.637851,-0.096079
-0.996180,0.028535,0.082532,0.144269
0.000000,0.000000,0.000000,1.000000
0.080096,0.641537,0.762899,0.254057
-0.030755,0.766584,-0.641407,-0.097553
-0.996313,0.027911,0.081131,0.143021
0.000000,0.000000,0.000000,1.000000
0.081426,0.642678,0.761797,0.253979
-0.031553,0.765614,-0.642526,-0.098418
-0.996180,0.028281,0.082619,0.142429
0.000000,0.000000,0.000000,1.000000
0.081426,0.642678,0.761797,0.253979
-0.031553,0.765614,-0.642526,-0.098418
-0.996180,0.028281,0.082619,0.142429
0.000000,0.000000,0.000000,1.000000
0.082851,0.642637,0.761678,0.254205
-0.032105,0.765630,-0.642479,-0.098506
-0.996045,0.028776,0.084065,0.142450
0.000000,0.000000,0.000000,1.000000
0.082851,0.636776,0.766584,0.254205
-0.032105,0.770535,-0.636588,-0.098506
-0.996045,0.028130,0.084283,0.142450
0.000000,0.000000,0.000000,1.000000
0.081426,0.627360,0.774461,0.253965
-0.031553,0.778274,-0.627131,-0.098413
-0.996180,0.026628,0.083167,0.141202
0.000000,0.000000,0.000000,1.000000
0.075725,0.615546,0.784454,0.253011
-0.029344,0.787748,-0.615298,-0.098043
-0.996697,0.023574,0.077714,0.138666
0.000000,0.000000,0.000000,1.000000
0.072873,0.599843,0.796792,0.252482
-0.028239,0.799837,-0.599553,-0.097838
-0.996941,0.021191,0.075225,0.136174
0.000000,0.000000,0.000000,1.000000
0.068554,0.577700,0.813365,0.251784
-0.026686,0.816053,-0.577360,-0.098012
-0.997290,0.017875,0.071360,0.132658
0.000000,0.000000,0.000000,1.000000
0.064276,0.549992,0.832693,0.250597
-0.025021,0.835044,-0.549613,-0.097550
-0.997618,0.014492,0.067435,0.129022
0.000000,0.000000,0.000000,1.000000
0.058535,0.519038,0.852744,0.249426
-0.022890,0.854682,-0.518647,-0.097535
-0.998023,0.010840,0.061910,0.123978
0.000000,0.000000,0.000000,1.000000
0.052831,0.480647,0.875321,0.247728
-0.020659,0.876884,-0.480258,-0.096871
-0.998390,0.007289,0.056257,0.119132
0.000000,0.000000,0.000000,1.000000
0.047097,0.441273,0.896136,0.246011
-0.018500,0.897363,-0.440905,-0.096635
-0.998719,0.004187,0.050426,0.113914
0.000000,0.000000,0.000000,1.000000
0.042766,0.405202,0.913226,0.244297
-0.016951,0.914225,-0.404852,-0.096828
-0.998941,0.001834,0.045967,0.109035
0.000000,0.000000,0.000000,1.000000
0.039893,0.365617,0.929910,0.242848
-0.015883,0.930765,-0.365272,-0.096685
-0.999078,-0.000198,0.042938,0.104190
0.000000,0.000000,0.000000,1.000000
0.031310,0.326786,0.944579,0.240394
-0.012577,0.945097,-0.326548,-0.096563
-0.999431,-0.001656,0.033700,0.098647
0.000000,0.000000,0.000000,1.000000
0.027025,0.285915,0.957874,0.238490
-0.010904,0.958251,-0.285720,-0.096224
-0.999575,-0.002723,0.029014,0.093855
0.000000,0.000000,0.000000,1.000000
0.024166,0.244511,0.969345,0.236501
-0.009793,0.969640,-0.244341,-0.095844
-0.999660,-0.003588,0.025827,0.089489
0.000000,0.000000,0.000000,1.000000
0.021310,0.202652,0.979019,0.234617
-0.008674,0.979242,-0.202509,-0.095499
-0.999735,-0.004177,0.022625,0.084769
0.000000,0.000000,0.000000,1.000000
0.019877,0.163447,0.986352,0.232931
-0.008126,0.986541,-0.163315,-0.095230
-0.999769,-0.004769,0.020938,0.081345
0.000000,0.000000,0.000000,1.000000
0.029775,0.139259,0.989808,0.232731
-0.012280,0.990224,-0.138948,-0.095982
-0.999481,-0.008017,0.031194,0.080579
0.000000,0.000000,0.000000,1.000000
0.036814,0.102807,0.994020,0.231323
-0.015315,0.994635,-0.102303,-0.096233
-0.999205,-0.011457,0.038191,0.079397
0.000000,0.000000,0.000000,1.000000
0.043833,0.080008,0.995830,0.231212
-0.018393,0.996684,-0.079267,-0.097020
-0.998870,-0.014842,0.045159,0.078460
0.000000,0.000000,0.000000,1.000000
0.046628,0.063241,0.996908,0.230946
-0.019650,0.997859,-0.062382,-0.097325
-0.998719,-0.016681,0.047771,0.077700
0.000000,0.000000,0.000000,1.000000
0.045158,0.049451,0.997755,0.229451
-0.019194,0.998633,-0.048626,-0.097526
-0.998795,-0.016955,0.046045,0.074808
0.000000,0.000000,0.000000,1.000000
0.045158,0.049451,0.997755,0.229269
-0.019194,0.998633,-0.048626,-0.097448
-0.998795,-0.016955,0.046045,0.075178
0.000000,0.000000,0.000000,1.000000
0.045158,0.049451,0.997755,0.229170
-0.019194,0.998633,-0.048626,-0.097406
-0.998795,-0.016955,0.046045,0.074891
0.000000,0.000000,0.000000,1.000000
0.050797,0.048022,0.997554,0.229845
-0.021591,0.998663,-0.046976,-0.097693
-0.998476,-0.019152,0.051766,0.073424
0.000000,0.000000,0.000000,1.000000
0.062070,0.048263,0.996904,0.230424
-0.026382,0.998561,-0.046700,-0.097939
-0.997723,-0.023402,0.063254,0.071056
0.000000,0.000000,0.000000,1.000000
0.076147,0.047103,0.995983,0.231307
-0.032366,0.998474,-0.044746,-0.098314
-0.996571,-0.028828,0.077556,0.068481
0.000000,0.000000,0.000000,1.000000
0.091612,0.046070,0.994729,0.232201
-0.038938,0.998331,-0.042651,-0.098694
-0.995033,-0.034826,0.093253,0.066349
0.000000,0.000000,0.000000,1.000000
0.148723,0.033306,0.988318,0.241984
-0.060006,0.997895,-0.024599,-0.097633
-0.987057,-0.055646,0.150409,0.063807
0.000000,0.000000,0.000000,1.000000
0.148723,0.033306,0.988318,0.241984
-0.060006,0.997895,-0.024599,-0.097633
-0.987057,-0.055646,0.150409,0.063807
0.000000,0.000000,0.000000,1.000000
0.148723,0.033306,0.988318,0.241984
-0.060006,0.997895,-0.024599,-0.097633
-0.987057,-0.055646,0.150409,0.063807
0.000000,0.000000,0.000000,1.000000
0.148723,0.033306,0.988318,0.242102
-0.060006,0.997895,-0.024599,-0.097681
-0.987057,-0.055646,0.150409,0.064086
0.000000,0.000000,0.000000,1.000000
0.144420,0.034603,0.988911,0.241802
-0.058527,0.997937,-0.026372,-0.097992
-0.987784,-0.054069,0.146147,0.064447
0.000000,0.000000,0.000000,1.000000
0.138800,0.034302,0.989726,0.242058
-0.056249,0.998060,-0.026702,-0.098095
-0.988722,-0.051965,0.140460,0.065532
0.000000,0.000000,0.000000,1.000000
0.128953,0.033803,0.991074,0.241801
-0.052259,0.998262,-0.027248,-0.097991
-0.990273,-0.048279,0.130495,0.066156
0.000000,0.000000,0.000000,1.000000
0.119090,0.033341,0.992323,0.242543
-0.048262,0.998449,-0.027755,-0.098292
-0.991710,-0.044586,0.120515,0.067752
0.000000,0.000000,0.000000,1.000000
0.116198,0.034747,0.992618,0.243659
-0.047297,0.998448,-0.029414,-0.099180
-0.992099,-0.043530,0.117661,0.072237
0.000000,0.000000,0.000000,1.000000
0.110626,0.032974,0.993315,0.244895
-0.044832,0.998598,-0.028156,-0.099245
-0.992850,-0.041417,0.111949,0.075956
0.000000,0.000000,0.000000,1.000000
0.092198,0.033804,0.995167,0.243822
-0.037529,0.998831,-0.030452,-0.099246
-0.995033,-0.034540,0.093359,0.077851
0.000000,0.000000,0.000000,1.000000
0.066636,0.036108,0.997124,0.242174
-0.027362,0.999035,-0.034349,-0.099442
-0.997402,-0.024995,0.067559,0.080117
0.000000,0.000000,0.000000,1.000000
0.056617,0.040476,0.997575,0.242377
-0.023553,0.998954,-0.039195,-0.100832
-0.998118,-0.021277,0.057511,0.086641
0.000000,0.000000,0.000000,1.000000
0.053789,0.040417,0.997734,0.244009
-0.022377,0.998978,-0.039261,-0.101511
-0.998302,-0.020214,0.054639,0.094901
0.000000,0.000000,0.000000,1.000000
0.052442,0.040385,0.997807,0.245847
-0.021628,0.998994,-0.039296,-0.101391
-0.998390,-0.019520,0.053263,0.103265
0.000000,0.000000,0.000000,1.000000
0.051090,0.037293,0.997998,0.247586
-0.020887,0.999124,-0.036266,-0.101221
-0.998476,-0.018993,0.051825,0.111307
0.000000,0.000000,0.000000,1.000000
0.045475,0.034125,0.998382,0.248828
-0.018429,0.999275,-0.033316,-0.100839
-0.998795,-0.016884,0.046071,0.118566
0.000000,0.000000,0.000000,1.000000
0.039844,0.032501,0.998677,0.249518
-0.016005,0.999363,-0.031885,-0.100229
-0.999078,-0.014713,0.040339,0.125959
0.000000,0.000000,0.000000,1.000000
0.031329,0.032388,0.998984,0.249037
-0.012529,0.999409,-0.032009,-0.099592
-0.999431,-0.011513,0.031716,0.133154
0.000000,0.000000,0.000000,1.000000
0.028516,0.029291,0.999164,0.249364
-0.011303,0.999516,-0.028979,-0.098836
-0.999529,-0.010467,0.028834,0.141322
0.000000,0.000000,0.000000,1.000000
0.028516,0.030823,0.999118,0.249218
-0.011303,0.999471,-0.030512,-0.098779
-0.999529,-0.010423,0.028850,0.150217
0.000000,0.000000,0.000000,1.000000
0.019987,0.027681,0.999417,0.248344
-0.007851,0.999590,-0.027529,-0.097552
-0.999769,-0.007296,0.020196,0.157027
0.000000,0.000000,0.000000,1.000000
0.015714,0.027653,0.999494,0.247796
-0.006145,0.999601,-0.027559,-0.096898
-0.999858,-0.005709,0.015878,0.163537
0.000000,0.000000,0.000000,1.000000
0.011442,0.026098,0.999594,0.247302
-0.004434,0.999651,-0.026049,-0.095831
-0.999925,-0.004134,0.011554,0.169112
0.000000,0.000000,0.000000,1.000000
0.008592,0.023021,0.999698,0.246361
-0.003299,0.999730,-0.022993,-0.094598
-0.999958,-0.003101,0.008666,0.174565
0.000000,0.000000,0.000000,1.000000
0.007168,0.019950,0.999775,0.245665
-0.002727,0.999798,-0.019931,-0.093467
-0.999971,-0.002584,0.007221,0.179093
0.000000,0.000000,0.000000,1.000000
0.004306,0.018410,0.999821,0.245216
-0.001623,0.999829,-0.018403,-0.092436
-0.999989,-0.001544,0.004335,0.181999
0.000000,0.000000,0.000000,1.000000
0.001435,0.018407,0.999830,0.244562
-0.000541,0.999830,-0.018406,-0.092189
-0.999999,-0.000515,0.001445,0.184297
0.000000,0.000000,0.000000,1.000000
0.001436,0.016873,0.999857,0.244411
-0.000539,0.999858,-0.016873,-0.091705
-0.999999,-0.000515,0.001445,0.186888
0.000000,0.000000,0.000000,1.000000
0.001436,0.016873,0.999857,0.244346
-0.000539,0.999858,-0.016873,-0.091680
-0.999999,-0.000515,0.001445,0.187187
0.000000,0.000000,0.000000,1.000000
0.001436,0.016873,0.999857,0.244346
-0.000539,0.999858,-0.016873,-0.091680
-0.999999,-0.000515,0.001445,0.187187
0.000000,0.000000,0.000000,1.000000
0.001436,0.016873,0.999857,0.244411
-0.000539,0.999858,-0.016873,-0.091705
-0.999999,-0.000515,0.001445,0.186888
0.000000,0.000000,0.000000,1.000000
-0.000000,0.016873,0.999858,0.244184
0.000000,0.999858,-0.016873,-0.091619
-1.000000,0.000000,-0.000000,0.186888
0.000000,0.000000,0.000000,1.000000
-0.000000,0.021474,0.999769,0.244184
0.000000,0.999769,-0.021474,-0.091619
-1.000000,0.000000,-0.000000,0.186888
0.000000,0.000000,0.000000,1.000000
0.001436,0.029142,0.999574,0.244411
-0.000539,0.999575,-0.029141,-0.091705
-0.999999,-0.000497,0.001451,0.186888
0.000000,0.000000,0.000000,1.000000
0.004299,0.044474,0.999001,0.244233
-0.001643,0.999009,-0.044467,-0.093351
-0.999989,-0.001450,0.004367,0.187189
0.000000,0.000000,0.000000,1.000000
0.004281,0.068977,0.997609,0.243282
-0.001689,0.997617,-0.068971,-0.095994
-0.999989,-0.001390,0.004387,0.186890
0.000000,0.000000,0.000000,1.000000
0.005665,0.104127,0.994548,0.241975
-0.002357,0.994563,-0.104115,-0.100664
-0.999981,-0.001754,0.005880,0.186790
0.000000,0.000000,0.000000,1.000000
0.009790,0.151295,0.988440,0.239667
-0.004411,0.988484,-0.151258,-0.108002
-0.999942,-0.002880,0.010344,0.186497
0.000000,0.000000,0.000000,1.000000
0.016517,0.207149,0.978170,0.236584
-0.008124,0.978299,-0.207039,-0.116370
-0.999831,-0.004527,0.017841,0.187214
0.000000,0.000000,0.000000,1.000000
0.018860,0.271190,0.962341,0.232314
-0.010268,0.962514,-0.271038,-0.126475
-0.999769,-0.004769,0.020938,0.186823
0.000000,0.000000,0.000000,1.000000
0.022324,0.341276,0.939698,0.227144
-0.013474,0.939950,-0.341047,-0.137094
-0.999660,-0.005048,0.025581,0.186542
0.000000,0.000000,0.000000,1.000000
0.024180,0.413696,0.910094,0.220719
-0.016264,0.910402,-0.413405,-0.148461
-0.999575,-0.004806,0.028743,0.185658
0.000000,0.000000,0.000000,1.000000
0.025781,0.486266,0.873430,0.213475
-0.019305,0.873800,-0.485902,-0.159852
-0.999481,-0.004335,0.031915,0.184775
0.000000,0.000000,0.000000,1.000000
0.026016,0.553062,0.832734,0.206026
-0.021485,0.833132,-0.552656,-0.170141
-0.999431,-0.003513,0.033558,0.183585
0.000000,0.000000,0.000000,1.000000
0.027234,0.616477,0.786902,0.198429
-0.024760,0.787368,-0.615986,-0.180401
-0.999322,-0.002708,0.036707,0.182600
0.000000,0.000000,0.000000,1.000000
0.026106,0.672716,0.739440,0.190388
-0.025947,0.739899,-0.672218,-0.189223
-0.999322,-0.001637,0.036771,0.181399
0.000000,0.000000,0.000000,1.000000
0.025965,0.726366,0.686817,0.182357
-0.028210,0.687308,-0.725818,-0.198124
-0.999265,-0.000529,0.038336,0.179801
0.000000,0.000000,0.000000,1.000000
0.024774,0.774944,0.631544,0.174148
-0.029261,0.632029,-0.774392,-0.205683
-0.999265,0.000706,0.038334,0.178597
0.000000,0.000000,0.000000,1.000000
0.023495,0.818446,0.574103,0.165512
-0.030297,0.574581,-0.817887,-0.213430
-0.999265,0.001823,0.038297,0.176986
0.000000,0.000000,0.000000,1.000000
0.023059,0.856904,0.514959,0.156461
-0.032529,0.515467,-0.856292,-0.220716
-0.999205,0.002994,0.039760,0.175788
0.000000,0.000000,0.000000,1.000000
0.021641,0.892488,0.450552,0.147143
-0.033489,0.451052,-0.891869,-0.227701
-0.999205,0.004212,0.039650,0.174173
0.000000,0.000000,0.000000,1.000000
0.020183,0.923237,0.383701,0.137483
-0.034387,0.384193,-0.922612,-0.234239
-0.999205,0.005427,0.039502,0.172858
0.000000,0.000000,0.000000,1.000000
0.020241,0.946036,0.323430,0.128332
-0.037868,0.323990,-0.945302,-0.240092
-0.999078,0.006886,0.042382,0.171969
0.000000,0.000000,0.000000,1.000000
0.018833,0.963702,0.266315,0.119601
-0.038588,0.266864,-0.962961,-0.245048
-0.999078,0.007859,0.042213,0.170955
0.000000,0.000000,0.000000,1.000000
0.018208,0.975956,0.217207,0.111802
-0.040572,0.217786,-0.975153,-0.249120
-0.999011,0.008943,0.043562,0.170056
0.000000,0.000000,0.000000,1.000000
0.017735,0.984122,0.176606,0.105264
-0.042447,0.177215,-0.983256,-0.251940
-0.998941,0.009942,0.044916,0.169868
0.000000,0.000000,0.000000,1.000000
0.015494,0.993307,0.114460,0.095229
-0.041684,0.115016,-0.992489,-0.256193
-0.999011,0.010607,0.043187,0.168234
0.000000,0.000000,0.000000,1.000000
0.015430,0.993654,0.111413,0.094954
-0.041708,0.111969,-0.992836,-0.256658
-0.999011,0.010673,0.043171,0.167825
0.000000,0.000000,0.000000,1.000000
0.015430,0.993654,0.111413,0.094954
-0.041708,0.111969,-0.992836,-0.256658
-0.999011,0.010673,0.043171,0.167825
0.000000,0.000000,0.000000,1.000000
0.015430,0.993824,0.109889,0.094954
-0.041708,0.110446,-0.993007,-0.256658
-0.999011,0.010739,0.043155,0.167825
0.000000,0.000000,0.000000,1.000000
0.015494,0.993481,0.112936,0.095466
-0.041684,0.113494,-0.992664,-0.256830
-0.999011,0.010673,0.043171,0.167416
0.000000,0.000000,0.000000,1.000000
0.014960,0.993487,0.112959,0.095569
-0.040248,0.113478,-0.992725,-0.257106
-0.999078,0.010305,0.041683,0.165475
0.000000,0.000000,0.000000,1.000000
0.014426,0.993665,0.111457,0.095690
-0.038811,0.111941,-0.992957,-0.257432
-0.999142,0.009999,0.040180,0.162921
0.000000,0.000000,0.000000,1.000000
0.014426,0.993834,0.109932,0.096041
-0.038811,0.110418,-0.993127,-0.258376
-0.999142,0.010061,0.040165,0.158741
0.000000,0.000000,0.000000,1.000000
0.012824,0.994345,0.105418,0.096265
-0.034501,0.105804,-0.993788,-0.258978
-0.999322,0.009108,0.035663,0.152271
0.000000,0.000000,0.000000,1.000000
0.011756,0.994355,0.105455,0.096517
-0.031627,0.105779,-0.993887,-0.259656
-0.999431,0.008349,0.032692,0.144877
0.000000,0.000000,0.000000,1.000000
0.011176,0.994834,0.100896,0.096465
-0.030207,0.101192,-0.994408,-0.260740
-0.999481,0.008065,0.031182,0.136143
0.000000,0.000000,0.000000,1.000000
0.008515,0.995158,0.097916,0.096425
-0.023017,0.098089,-0.994911,-0.260632
-0.999699,0.006218,0.023740,0.125734
0.000000,0.000000,0.000000,1.000000
0.006387,0.995610,0.093380,0.096313
-0.017263,0.093477,-0.995472,-0.260329
-0.999831,0.004746,0.017784,0.115663
0.000000,0.000000,0.000000,1.000000
0.007451,0.995747,0.091832,0.096481
-0.020140,0.091965,-0.995559,-0.260783
-0.999769,0.005568,0.020739,0.106385
0.000000,0.000000,0.000000,1.000000
0.005830,0.996167,0.087278,0.095649
-0.015834,0.087361,-0.996051,-0.259759
-0.999858,0.004425,0.016282,0.096536
0.000000,0.000000,0.000000,1.000000
0.004240,0.996564,0.082715,0.095064
-0.011516,0.082759,-0.996503,-0.258169
-0.999925,0.003273,0.011827,0.086775
0.000000,0.000000,0.000000,1.000000
0.004240,0.996813,0.079657,0.094640
-0.011516,0.079701,-0.996752,-0.257018
-0.999925,0.003309,0.011817,0.077715
0.000000,0.000000,0.000000,1.000000
0.004223,0.997169,0.075069,0.093692
-0.011522,0.075114,-0.997108,-0.255653
-0.999925,0.003345,0.011807,0.068764
0.000000,0.000000,0.000000,1.000000
0.003167,0.997398,0.072021,0.092960
-0.008642,0.072046,-0.997364,-0.253654
-0.999958,0.002536,0.008847,0.060786
0.000000,0.000000,0.000000,1.000000
0.001570,0.997824,0.065910,0.091453
-0.004326,0.065916,-0.997816,-0.251933
-0.999989,0.001282,0.004420,0.053350
0.000000,0.000000,0.000000,1.000000
0.003074,0.998715,0.050586,0.088614
-0.008675,0.050611,-0.998681,-0.250076
-0.999958,0.002631,0.008820,0.042454
0.000000,0.000000,0.000000,1.000000
0.003061,0.998791,0.049054,0.088231
-0.008680,0.049079,-0.998757,-0.250212
-0.999958,0.002631,0.008820,0.042454
0.000000,0.000000,0.000000,1.000000
0.003074,0.998791,0.049054,0.088614
-0.008675,0.049079,-0.998757,-0.250076
-0.999958,0.002645,0.008816,0.042454
0.000000,0.000000,0.000000,1.000000
0.002551,0.998867,0.047526,0.088150
-0.007233,0.047543,-0.998843,-0.249983
-0.999971,0.002204,0.007346,0.042452
0.000000,0.000000,0.000000,1.000000
0.002049,0.998794,0.049062,0.088452
-0.005784,0.049073,-0.998778,-0.249618
-0.999981,0.001763,0.005877,0.042450
0.000000,0.000000,0.000000,1.000000
-0.000000,0.998795,0.049068,0.088173
0.000000,0.049068,-0.998795,-0.248832
-1.000000,-0.000000,-0.000000,0.042721
0.000000,0.000000,0.000000,1.000000
-0.002041,0.998868,0.047529,0.087698
0.005787,0.047541,-0.998853,-0.248701
-0.999981,-0.001763,-0.005877,0.044093
0.000000,0.000000,0.000000,1.000000
-0.001537,0.998794,0.049064,0.088611
0.004338,0.049070,-0.998786,-0.250068
-0.999989,-0.001322,-0.004408,0.046847
0.000000,0.000000,0.000000,1.000000
-0.001025,0.998795,0.049066,0.089215
0.002892,0.049069,-0.998791,-0.251771
-0.999995,-0.000882,-0.002939,0.050179
0.000000,0.000000,0.000000,1.000000
0.001020,0.998869,0.047534,0.089854
-0.002893,0.047537,-0.998865,-0.254815
-0.999995,0.000882,0.002938,0.054949
0.000000,0.000000,0.000000,1.000000
0.001537,0.998794,0.049064,0.091026
-0.004338,0.049070,-0.998786,-0.256883
-0.999989,0.001322,0.004408,0.060058
0.000000,0.000000,0.000000,1.000000
0.003074,0.998791,0.049054,0.091958
-0.008675,0.049079,-0.998757,-0.259513
-0.999958,0.002645,0.008816,0.065515
0.000000,0.000000,0.000000,1.000000
0.003586,0.998790,0.049049,0.092738
-0.010121,0.049083,-0.998743,-0.261713
-0.999942,0.003085,0.010285,0.071611
0.000000,0.000000,0.000000,1.000000
0.005123,0.998784,0.049030,0.093727
-0.014458,0.049099,-0.998689,-0.264505
-0.999882,0.004408,0.014692,0.078958
0.000000,0.000000,0.000000,1.000000
0.007172,0.998773,0.048994,0.094775
-0.020241,0.049130,-0.998587,-0.267461
-0.999769,0.006171,0.020568,0.087289
0.000000,0.000000,0.000000,1.000000
0.010201,0.998825,0.047386,0.095469
-0.028929,0.047663,-0.998444,-0.270739
-0.999529,0.008814,0.029381,0.096026
0.000000,0.000000,0.000000,1.000000
0.011270,0.998741,0.048885,0.096590
-0.031804,0.049222,-0.998281,-0.272584
-0.999431,0.009695,0.032318,0.103773
0.000000,0.000000,0.000000,1.000000
0.013318,0.998719,0.048813,0.097138
-0.037583,0.049283,-0.998078,-0.274132
-0.999205,0.011457,0.038191,0.111241
0.000000,0.000000,0.000000,1.000000
0.015365,0.998694,0.048729,0.097762
-0.043361,0.049354,-0.997840,-0.275892
-0.998941,0.013219,0.044063,0.121674
0.000000,0.000000,0.000000,1.000000
0.016900,0.998673,0.048658,0.098115
-0.047694,0.049415,-0.997639,-0.276889
-0.998719,0.014540,0.048466,0.130293
0.000000,0.000000,0.000000,1.000000
0.018435,0.998649,0.048580,0.098453
-0.052026,0.049481,-0.997419,-0.277842
-0.998476,0.015860,0.052867,0.137255
0.000000,0.000000,0.000000,1.000000
0.020992,0.998606,0.048435,0.098635
-0.059242,0.049603,-0.997010,-0.278356
-0.998023,0.018060,0.060201,0.146654
0.000000,0.000000,0.000000,1.000000
0.023037,0.998567,0.048306,0.098713
-0.065013,0.049713,-0.996645,-0.278577
-0.997618,0.019820,0.066065,0.155276
0.000000,0.000000,0.000000,1.000000
0.024571,0.998535,0.048201,0.098572
-0.069340,0.049801,-0.996349,-0.278179
-0.997290,0.021139,0.070462,0.164150
0.000000,0.000000,0.000000,1.000000
0.026729,0.998413,0.049578,0.098807
-0.075066,0.051460,-0.995850,-0.277489
-0.996820,0.022897,0.076322,0.172986
0.000000,0.000000,0.000000,1.000000
0.028146,0.998454,0.047930,0.098004
-0.079430,0.050031,-0.995584,-0.276576
-0.996443,0.024214,0.080715,0.181433
0.000000,0.000000,0.000000,1.000000
0.029293,0.998351,0.049372,0.097973
-0.082266,0.051634,-0.995272,-0.275147
-0.996180,0.025093,0.083643,0.189347
0.000000,0.000000,0.000000,1.000000
0.031855,0.998283,0.049148,0.097489
-0.089461,0.051823,-0.994641,-0.273788
-0.995481,0.027287,0.090958,0.197949
0.000000,0.000000,0.000000,1.000000
0.034563,0.998129,0.050429,0.097274
-0.096598,0.053559,-0.993881,-0.271863
-0.994723,0.029481,0.098269,0.205994
0.000000,0.000000,0.000000,1.000000
0.036776,0.997983,0.051743,0.096877
-0.102287,0.055266,-0.993219,-0.269449
-0.994075,0.031234,0.104113,0.214329
0.000000,0.000000,0.000000,1.000000
0.038323,0.997933,0.051578,0.096352
-0.106591,0.055404,-0.992758,-0.267990
-0.993564,0.032548,0.108494,0.219441
0.000000,0.000000,0.000000,1.000000
0.040900,0.997846,0.051287,0.095661
-0.113759,0.055647,-0.991949,-0.266068
-0.992666,0.034737,0.115790,0.226190
0.000000,0.000000,0.000000,1.000000
0.041592,0.997741,0.052748,0.095370
-0.115128,0.057228,-0.991701,-0.263985
-0.992480,0.035174,0.117248,0.230555
0.000000,0.000000,0.000000,1.000000
0.042110,0.997723,0.052686,0.094894
-0.116560,0.057279,-0.991531,-0.262666
-0.992291,0.035612,0.118706,0.233533
0.000000,0.000000,0.000000,1.000000
0.044178,0.997647,0.052433,0.094433
-0.122284,0.057489,-0.990829,-0.261392
-0.991511,0.037361,0.124536,0.237631
0.000000,0.000000,0.000000,1.000000
0.044694,0.997627,0.052367,0.094027
-0.123714,0.057543,-0.990648,-0.260268
-0.991311,0.037798,0.125992,0.240021
0.000000,0.000000,0.000000,1.000000
0.045211,0.997607,0.052301,0.093722
-0.125144,0.057598,-0.990465,-0.259424
-0.991108,0.038235,0.127449,0.241874
0.000000,0.000000,0.000000,1.000000
0.045727,0.997587,0.052234,0.093467
-0.126574,0.057654,-0.990280,-0.258717
-0.990903,0.038671,0.128905,0.243457
0.000000,0.000000,0.000000,1.000000
0.045922,0.997498,0.053754,0.093864
-0.126504,0.059184,-0.990199,-0.258574
-0.990903,0.038671,0.128905,0.243457
0.000000,0.000000,0.000000,1.000000
0.045403,0.997518,0.053821,0.093838
-0.125075,0.059129,-0.990384,-0.258503
-0.991108,0.038235,0.127449,0.243167
0.000000,0.000000,0.000000,1.000000
0.045403,0.997518,0.053821,0.093838
-0.125075,0.059129,-0.990384,-0.258503
-0.991108,0.038235,0.127449,0.243167
0.000000,0.000000,0.000000,1.000000
0.045922,0.997498,0.053754,0.093864
-0.126504,0.059184,-0.990199,-0.258574
-0.990903,0.038671,0.128905,0.243457
0.000000,0.000000,0.000000,1.000000
0.045922,0.997498,0.053754,0.093864
-0.126504,0.059184,-0.990199,-0.258574
-0.990903,0.038671,0.128905,0.243457
0.000000,0.000000,0.000000,1.000000
0.046116,0.997406,0.055272,0.094260
-0.126433,0.060714,-0.990115,-0.258429
-0.990903,0.038671,0.128905,0.243457
0.000000,0.000000,0.000000,1.000000
0.046697,0.997206,0.058299,0.095448
-0.126220,0.063785,-0.989950,-0.257993
-0.990903,0.038869,0.128846,0.243457
0.000000,0.000000,0.000000,1.000000
0.048740,0.996645,0.065748,0.097595
-0.128700,0.071544,-0.989099,-0.257704
-0.990485,0.039747,0.131755,0.243523
0.000000,0.000000,0.000000,1.000000
0.050316,0.995692,0.077881,0.100916
-0.128092,0.083769,-0.988218,-0.256909
-0.990485,0.039747,0.131755,0.243134
0.000000,0.000000,0.000000,1.000000
0.054786,0.994042,0.094229,0.105494
-0.132841,0.100788,-0.986000,-0.255795
-0.989622,0.041501,0.137571,0.243402
0.000000,0.000000,0.000000,1.000000
0.056617,0.992044,0.112446,0.110352
-0.130417,0.119010,-0.984291,-0.254195
-0.989841,0.041063,0.136118,0.242334
0.000000,0.000000,0.000000,1.000000
0.058136,0.989311,0.133729,0.115994
-0.126412,0.140173,-0.982024,-0.252220
-0.990273,0.040186,0.133210,0.240707
0.000000,0.000000,0.000000,1.000000
0.059029,0.986143,0.155040,0.121942
-0.120944,0.161231,-0.979478,-0.249846
-0.990903,0.039067,0.128786,0.238778
0.000000,0.000000,0.000000,1.000000
0.059879,0.982245,0.177792,0.128285
-0.115410,0.183730,-0.976178,-0.247256
-0.991511,0.037933,0.124363,0.236576
0.000000,0.000000,0.000000,1.000000
0.061397,0.977486,0.201869,0.134914
-0.111146,0.207688,-0.971860,-0.244235
-0.991906,0.037232,0.121395,0.234525
0.000000,0.000000,0.000000,1.000000
0.062897,0.971437,0.228810,0.141904
-0.106786,0.234498,-0.966234,-0.240924
-0.992291,0.036340,0.118486,0.232191
0.000000,0.000000,0.000000,1.000000
0.064361,0.964643,0.255582,0.148929
-0.102331,0.261142,-0.959861,-0.236789
-0.992666,0.035624,0.115520,0.230240
0.000000,0.000000,0.000000,1.000000
0.068475,0.956139,0.284798,0.156694
-0.101467,0.290662,-0.951430,-0.232189
-0.992480,0.036252,0.116919,0.228762
0.000000,0.000000,0.000000,1.000000
0.072012,0.945778,0.316731,0.164771
-0.098988,0.322765,-0.941289,-0.226496
-0.992480,0.036431,0.116864,0.227094
0.000000,0.000000,0.000000,1.000000
0.074666,0.934364,0.348408,0.172896
-0.095073,0.354462,-0.930225,-0.220150
-0.992666,0.036332,0.115299,0.225100
0.000000,0.000000,0.000000,1.000000
0.076834,0.918345,0.388251,0.182313
-0.089349,0.394177,-0.914681,-0.212008
-0.993032,0.035589,0.112340,0.222777
0.000000,0.000000,0.000000,1.000000
0.081775,0.900526,0.427044,0.191527
-0.086953,0.433291,-0.897050,-0.203655
-0.992850,0.036223,0.113736,0.220913
0.000000,0.000000,0.000000,1.000000
0.085816,0.879630,0.467854,0.201053
-0.082968,0.474264,-0.876464,-0.194380
-0.992850,0.036398,0.113680,0.218594
0.000000,0.000000,0.000000,1.000000
0.086230,0.857773,0.506744,0.209950
-0.075778,0.512812,-0.855150,-0.184501
-0.993389,0.035340,0.109220,0.215480
0.000000,0.000000,0.000000,1.000000
0.089844,0.832417,0.546818,0.219058
-0.071455,0.553011,-0.830104,-0.174222
-0.993389,0.035507,0.109166,0.212707
0.000000,0.000000,0.000000,1.000000
0.091801,0.807035,0.583324,0.226831
-0.066354,0.589453,-0.805073,-0.163953
-0.993564,0.035201,0.107662,0.210167
0.000000,0.000000,0.000000,1.000000
0.094757,0.780962,0.617349,0.233794
-0.062060,0.623567,-0.779302,-0.153122
-0.993564,0.035531,0.107554,0.207861
0.000000,0.000000,0.000000,1.000000
0.098733,0.754406,0.648940,0.240015
-0.058563,0.655401,-0.753007,-0.142362
-0.993389,0.036343,0.108890,0.206135
0.000000,0.000000,0.000000,1.000000
0.102500,0.725519,0.680526,0.245598
-0.054990,0.687216,-0.724369,-0.131760
-0.993212,0.036826,0.110335,0.204097
0.000000,0.000000,0.000000,1.000000
0.107590,0.696317,0.709624,0.250997
-0.051696,0.716720,-0.695442,-0.120603
-0.992850,0.038137,0.113109,0.202357
0.000000,0.000000,0.000000,1.000000
0.105510,0.666192,0.738279,0.255538
-0.045228,0.744870,-0.665675,-0.109540
-0.993389,0.036844,0.108722,0.198777
0.000000,0.000000,0.000000,1.000000
0.103078,0.636099,0.764692,0.259444
-0.039037,0.770782,-0.635902,-0.098254
-0.993907,0.035696,0.104282,0.195469
0.000000,0.000000,0.000000,1.000000
0.103263,0.602458,0.791442,0.263666
-0.033938,0.797367,-0.602540,-0.086655
-0.994075,0.035360,0.102785,0.192092
0.000000,0.000000,0.000000,1.000000
0.104625,0.570168,0.814839,0.266349
-0.029473,0.820753,-0.570522,-0.075030
-0.994075,0.035676,0.102676,0.189920
0.000000,0.000000,0.000000,1.000000
0.108841,0.532987,0.839094,0.269079
-0.025319,0.845321,-0.533658,-0.062595
-0.993737,0.036838,0.105500,0.188080
0.000000,0.000000,0.000000,1.000000
0.111357,0.496133,0.861076,0.270947
-0.020733,0.867436,-0.497116,-0.050446
-0.993564,0.037505,0.106882,0.185895
0.000000,0.000000,0.000000,1.000000
0.112193,0.457057,0.882333,0.272106
-0.015588,0.888640,-0.458341,-0.037807
-0.993564,0.037669,0.106824,0.183363
0.000000,0.000000,0.000000,1.000000
0.109756,0.417190,0.902167,0.272503
-0.010130,0.908073,-0.418689,-0.025152
-0.993907,0.036814,0.103892,0.180363
0.000000,0.000000,0.000000,1.000000
0.108590,0.376434,0.920058,0.273123
-0.004834,0.925720,-0.378180,-0.012158
-0.994075,0.036619,0.102343,0.177193
0.000000,0.000000,0.000000,1.000000
0.108697,0.336338,0.935447,0.273006
-0.000167,0.941029,-0.338325,-0.000419
-0.994075,0.036619,0.102343,0.174128
0.000000,0.000000,0.000000,1.000000
0.108604,0.298532,0.948200,0.271641
0.004501,0.953685,-0.300774,0.011257
-0.994075,0.036933,0.102231,0.171833
0.000000,0.000000,0.000000,1.000000
0.112882,0.260086,0.958964,0.270421
0.009372,0.964812,-0.262775,0.022452
-0.993564,0.038650,0.106473,0.170210
0.000000,0.000000,0.000000,1.000000
0.112440,0.224389,0.967991,0.268130
0.013693,0.973726,-0.227309,0.032653
-0.993564,0.038813,0.106413,0.168188
0.000000,0.000000,0.000000,1.000000
0.114842,0.189765,0.975090,0.266143
0.018478,0.981007,-0.193092,0.042823
-0.993212,0.040193,0.109154,0.166737
0.000000,0.000000,0.000000,1.000000
0.112623,0.156608,0.981219,0.263584
0.022223,0.986857,-0.160058,0.052010
-0.993389,0.039832,0.107663,0.164198
0.000000,0.000000,0.000000,1.000000
0.110364,0.127825,0.985637,0.261133
0.025495,0.991005,-0.131376,0.060325
-0.993564,0.039629,0.106113,0.161880
0.000000,0.000000,0.000000,1.000000
0.106496,0.095949,0.989673,0.258386
0.028419,0.994633,-0.099488,0.068951
-0.993907,0.038720,0.103197,0.158842
0.000000,0.000000,0.000000,1.000000
0.103068,0.080787,0.991388,0.256228
0.029376,0.996014,-0.084217,0.073028
-0.994240,0.037803,0.100284,0.157105
0.000000,0.000000,0.000000,1.000000
0.102510,0.063962,0.992673,0.254028
0.031268,0.997230,-0.067485,0.077484
-0.994240,0.037957,0.100226,0.155799
0.000000,0.000000,0.000000,1.000000
0.106320,0.048481,0.993149,0.252825
0.034401,0.998033,-0.052402,0.081805
-0.993737,0.039737,0.104443,0.155108
0.000000,0.000000,0.000000,1.000000
0.107166,0.033100,0.993690,0.250504
0.036684,0.998634,-0.037221,0.085750
-0.993564,0.040441,0.105806,0.154507
0.000000,0.000000,0.000000,1.000000
0.106473,0.016238,0.994183,0.248332
0.038650,0.999043,-0.020457,0.090146
-0.993564,0.040603,0.105743,0.153730
0.000000,0.000000,0.000000,1.000000
0.105806,0.000904,0.994386,0.246510
0.040441,0.999168,-0.005212,0.094222
-0.993564,0.040766,0.105681,0.152881
0.000000,0.000000,0.000000,1.000000
0.105173,-0.014422,0.994349,0.245055
0.042059,0.999065,0.010042,0.098000
-0.993564,0.040766,0.105681,0.151961
0.000000,0.000000,0.000000,1.000000
0.101961,-0.020451,0.994578,0.243722
0.041868,0.998991,0.016250,0.100078
-0.993907,0.039984,0.102714,0.150066
0.000000,0.000000,0.000000,1.000000
0.104978,-0.014444,0.994370,0.244339
0.042543,0.999044,0.010020,0.099020
-0.993564,0.041252,0.105492,0.150497
0.000000,0.000000,0.000000,1.000000
0.104978,-0.014444,0.994370,0.244339
0.042543,0.999044,0.010020,0.099020
-0.993564,0.041252,0.105492,0.150497
0.000000,0.000000,0.000000,1.000000
0.104978,-0.014444,0.994370,0.244339
0.042543,0.999044,0.010020,0.099020
-0.993564,0.041252,0.105492,0.150497
0.000000,0.000000,0.000000,1.000000
0.103501,-0.014393,0.994525,0.243969
0.042129,0.999061,0.010074,0.099306
-0.993737,0.040856,0.104010,0.149857
0.000000,0.000000,0.000000,1.000000
0.106124,-0.019107,0.994169,0.243678
0.043767,0.998936,0.014527,0.100497
-0.993389,0.041970,0.106847,0.148754
0.000000,0.000000,0.000000,1.000000
0.103175,-0.022055,0.994419,0.243186
0.042922,0.998922,0.017701,0.101168
-0.993737,0.040856,0.104010,0.144948
0.000000,0.000000,0.000000,1.000000
0.101767,-0.018946,0.994628,0.242826
0.042336,0.998995,0.014697,0.101019
-0.993907,0.040613,0.102467,0.139708
0.000000,0.000000,0.000000,1.000000
0.101767,-0.017420,0.994656,0.242989
0.042336,0.999017,0.013165,0.101086
-0.993907,0.040770,0.102405,0.132217
0.000000,0.000000,0.000000,1.000000
0.093317,-0.014034,0.995538,0.242708
0.038821,0.999192,0.010446,0.100970
-0.994879,0.037673,0.093786,0.121789
0.000000,0.000000,0.000000,1.000000
0.077805,-0.010437,0.996914,0.241404
0.032368,0.999445,0.007938,0.100427
-0.996443,0.031650,0.078099,0.109260
0.000000,0.000000,0.000000,1.000000
0.072158,-0.008734,0.997355,0.240528
0.030019,0.999528,0.006582,0.100062
-0.996941,0.029464,0.072386,0.098717
0.000000,0.000000,0.000000,1.000000
0.066466,-0.007046,0.997764,0.239314
0.027771,0.999601,0.005209,0.099988
-0.997402,0.027362,0.066636,0.088192
0.000000,0.000000,0.000000,1.000000
0.057956,-0.005300,0.998305,0.237003
0.024319,0.999697,0.003895,0.099450
-0.998023,0.024052,0.058067,0.077177
0.000000,0.000000,0.000000,1.000000
0.045217,-0.005028,0.998965,0.233792
0.019055,0.999810,0.004170,0.098525
-0.998795,0.018847,0.045304,0.066208
0.000000,0.000000,0.000000,1.000000
0.042282,-0.003449,0.999100,0.229779
0.018125,0.999832,0.002684,0.098498
-0.998941,0.017995,0.042338,0.049636
0.000000,0.000000,0.000000,1.000000
0.042282,-0.003449,0.999100,0.229503
0.018125,0.999832,0.002684,0.098380
-0.998941,0.017995,0.042338,0.049736
0.000000,0.000000,0.000000,1.000000
0.040874,-0.003424,0.999158,0.229426
0.017521,0.999843,0.002709,0.098347
-0.999011,0.017396,0.040927,0.049353
0.000000,0.000000,0.000000,1.000000
0.038056,-0.003376,0.999270,0.229109
0.016313,0.999863,0.002757,0.098211
-0.999142,0.016197,0.038106,0.049604
0.000000,0.000000,0.000000,1.000000
0.031012,-0.003273,0.999514,0.227992
0.013294,0.999908,0.002862,0.097732
-0.999431,0.013199,0.031053,0.049558
0.000000,0.000000,0.000000,1.000000
0.018327,-0.003139,0.999827,0.226625
0.007856,0.999965,0.002996,0.097146
-0.999801,0.007800,0.018351,0.050864
0.000000,0.000000,0.000000,1.000000
0.011279,-0.003095,0.999932,0.226643
0.004835,0.999984,0.003041,0.097154
-0.999925,0.004800,0.011294,0.053314
0.000000,0.000000,0.000000,1.000000
0.004230,-0.003072,0.999986,0.227936
0.001813,0.999994,0.003064,0.097708
-0.999989,0.001800,0.004235,0.058850
0.000000,0.000000,0.000000,1.000000
-0.000000,-0.003068,0.999995,0.229568
-0.000000,0.999995,0.003068,0.098408
-1.000000,-0.000000,-0.000000,0.065422
0.000000,0.000000,0.000000,1.000000
-0.007049,-0.003079,0.999970,0.231092
-0.003022,0.999991,0.003057,0.099061
-0.999971,-0.003000,-0.007059,0.071897
0.000000,0.000000,0.000000,1.000000
-0.012689,-0.003102,0.999915,0.232081
-0.005439,0.999981,0.003033,0.099485
-0.999905,-0.005400,-0.012705,0.077691
0.000000,0.000000,0.000000,1.000000
-0.023966,-0.003190,0.999708,0.232654
-0.010273,0.999943,0.002945,0.099731
-0.999660,-0.010200,-0.023997,0.085926
0.000000,0.000000,0.000000,1.000000
-0.028194,-0.003237,0.999597,0.233817
-0.012086,0.999923,0.002897,0.100229
-0.999529,-0.011999,-0.028231,0.093352
0.000000,0.000000,0.000000,1.000000
-0.038082,-0.003375,0.999269,0.233803
-0.016255,0.999864,0.002758,0.099799
-0.999142,-0.016138,-0.038131,0.099989
0.000000,0.000000,0.000000,1.000000
-0.043719,-0.005006,0.999031,0.233951
-0.018662,0.999817,0.004193,0.099862
-0.998870,-0.018460,-0.043805,0.105751
0.000000,0.000000,0.000000,1.000000
-0.050764,-0.006678,0.998688,0.233889
-0.021669,0.999750,0.005584,0.099836
-0.998476,-0.021357,-0.050896,0.112775
0.000000,0.000000,0.000000,1.000000
-0.054990,-0.006773,0.998464,0.234016
-0.023472,0.999709,0.005488,0.099890
-0.998211,-0.023134,-0.055132,0.119510
0.000000,0.000000,0.000000,1.000000
-0.059253,-0.008403,0.998208,0.233973
-0.025185,0.999659,0.006921,0.099448
-0.997925,-0.024729,-0.059444,0.124745
0.000000,0.000000,0.000000,1.000000
-0.064971,-0.005483,0.997872,0.233643
-0.027380,0.999618,0.003710,0.098462
-0.997511,-0.027081,-0.065096,0.128482
0.000000,0.000000,0.000000,1.000000
